0 0.26202092307692315 0.32572199038461547 0.10096246153846139 0.01201871634615348
0 0.3569723076923078 0.3798084807692308 0.012017230769230947 0.024037432692307792
0 0.3750006153846155 0.3088930673076925 0.05769353846153863 0.007213043269230779
0 0.36177723076923074 0.13581629807692297 0.012017230769230891 0.021634596153846067
1 0.23798153846153844 0.09615589423076926 0.28365292307692325 0.06250095192307698
1 0.13100799999999999 0.4218762548076923 0.06009600000000011 0.17547960576923072
1 0.18629907692307685 0.3942300336538461 0.06490584615384601 0.1586552163461537
1 0.3173070769230768 0.2992771874999999 0.10096246153846139 0.14663650000000003
1 0.4939913846153846 0.2536051586538462 0.17548307692307713 0.13702062019230776
0 0.802884923076923 0.6358193798076923 0.03845907692307715 0.10336730769230773
0 0.7608172307692307 0.6706741105769232 0.04567138461538445 0.024037432692307514
0 0.7127384615384615 0.6682712740384614 0.02644184615384615 0.009615879807692407
