0 0.28365538461538453 0.13942218269230763 0.0480787692307692 0.04326919230769212
0 0.24639261538461535 0.5673084326923075 0.0456713846153845 0.02403743269230696
0 0.2908676923076924 0.7007202644230772 0.02884430769230767 0.007213043269230224
0 0.27764430769230763 0.7103361442307692 0.016827076923076834 0.0745196682692314
0 0.3846178461538461 0.5697112692307691 0.009614769230769094 0.009615879807692185
0 0.3161033846153846 0.728366485576923 0.016827076923076834 0.00961587980769274
1 0.2920689230769231 0.6562496538461536 0.12259446153846146 0.1586552163461532
1 0.3437513846153847 0.5853387740384615 0.0961526153846155 0.12259453365384643
0 0.6322092307692306 0.3341335480769232 0.04807876923076926 0.03365331249999998
0 0.9771630769230769 0.5060088990384617 0.045673846153846176 0.060098115384614736
1 0.07932800000000001 0.9867777764423079 0.12019199999999997 0.026444447115384184
0 0.010818461538461529 0.9663470432692305 0.021636923076923057 0.019231759615384925
