1 0.05168246153846158 0.15985599759615388 0.055288615384615276 0.040866355769230645
1 0.018029538461538423 0.050481598557692325 0.03605907692307685 0.043269192307692265
1 0.789664 0.7091353629807693 0.06971076923076902 0.05769301201923094
1 0.8701932307692308 0.8774041923076924 0.028846769230769342 0.057693012019230716
1 0.139424 0.9411065625 0.028846769230769342 0.05047996875000038
0 0.10216369230769227 0.979567814903846 0.09375015384615373 0.036058415865384386
0 0.7343753846153847 0.7307699591346155 0.060095999999999816 0.0336533124999997
1 0.6610584615384616 0.8485588197115383 0.038461538461538436 0.03365331249999981
0 0.8834141538461537 0.8882214903846155 0.02644184615384626 0.021634596153845997
0 0.9483175384615384 0.6418264711538462 0.02644184615384626 0.01923175961538426
0 0.790865230769231 0.5048081177884614 0.024039384615384463 0.014423819711538166
0 0.4230769230769231 0.39423003365384623 0.043268923076923316 0.024037432692307847
0 0.6117784615384614 0.563702548076923 0.016827076923077056 0.012018716346153813
0 0.06490338461538454 0.06850967307692307 0.04326892307692303 0.0216345961538462
0 0.3581735384615384 0.53605859375 0.024039384615384463 0.043269192307692106
