0 0.01682707692307681 0.7367776875 0.03365415384615362 0.0600981153846154
1 0.10456861538461536 0.6586537644230768 0.15144369230769208 0.11057581730769239
1 0.11538461538461539 0.7247589711538462 0.18750030769230747 0.11778886057692306
1 0.19230769230769232 0.9579330408653846 0.10096246153846139 0.08413391826923078
1 0.3437513846153847 0.8521637115384615 0.1250018461538464 0.28124974999999997
0 0.0156246153846154 0.8124987740384616 0.0312492307692308 0.05769074519230766
0 0.009616000000000086 0.7920655961538461 0.019232000000000173 0.031250475961538515
0 0.009614769230769146 0.7704309999999999 0.01922953846153829 0.012018716346153924
0 0.6538461538461539 0.04687344711538462 0.07692307692307687 0.08894122115384616
1 0.712740923076923 0.010817298076923079 0.036056615384615354 0.016828923076923078
