0 0.3028849230769231 0.13581937980769226 0.03845907692307715 0.10336730769230777
0 0.2608172307692307 0.1706741105769232 0.04567138461538453 0.02403743269230757
0 0.2127384615384615 0.16827127403846143 0.026441846153846232 0.009615879807692435
0 0.8317316923076925 0.47235703846153854 0.024039384615384463 0.007213043269230779
0 0.7019249230769231 0.4675468317307694 0.024039384615384463 0.02163459615384622
0 0.6442313846153847 0.4999987259615385 0.033654153846153556 0.019231759615384536
0 0.6454326153846153 0.5072117692307694 0.031251692307692425 0.004805673076922923
1 0.7391827692307693 0.4831743365384615 0.15624861538461565 0.06730662500000018
0 0.04567384615384612 0.5745183942307692 0.02403938461538447 0.00961587980769274
0 0.04567384615384612 0.5841342740384614 0.01922953846153829 0.004805673076922923
1 0.020433230769230776 0.5516823798076922 0.04086646153846155 0.08413554807692292
