0 0.7836553846153846 0.13942218269230763 0.04807876923076926 0.04326919230769212
0 0.07932553846153846 0.20432597115384596 0.014424615384615397 0.009615879807692407
1 0.039665230769230765 0.17668428365384622 0.07452061538461538 0.06970946153846186
0 0.20312615384615385 0.3521638894230771 0.040866461538461546 0.021634596153845942
0 0.1875003076923077 0.36538402403846126 0.028844307692307697 0.024037432692307292
0 0.180288 0.40144017307692326 0.043268923076923094 0.04807486538461564
0 0.3221169230769231 0.46514254326923077 0.01922953846153841 0.007213043269230501
0 0.33413415384615386 0.5408636298076921 0.014424615384615314 0.048074865384615695
1 0.2944689230769231 0.4338920673076926 0.19471261538461543 0.15624784615384663
0 0.43749907692307693 0.668268370192308 0.028844307692307725 0.028847639423076443
0 0.7463926153846154 0.5673084326923075 0.04567138461538456 0.02403743269230696
0 0.7908676923076924 0.7007202644230772 0.028844307692307725 0.007213043269230224
0 0.7776443076923076 0.7103361442307692 0.016827076923076723 0.0745196682692314
0 0.8846178461538461 0.5697112692307691 0.009614769230769094 0.009615879807692185
0 0.8161033846153847 0.728366485576923 0.016827076923076834 0.00961587980769274
1 0.7920689230769231 0.6562496538461536 0.12259446153846143 0.1586552163461532
1 0.8437513846153847 0.5853387740384615 0.0961526153846155 0.12259453365384643
1 0.5793280000000001 0.9867777764423079 0.12019199999999997 0.026444447115384184
0 0.5096172307692308 0.9663470432692305 0.024039384615384685 0.019231759615384925
