0 0.36538584615384606 0.3341348221153846 0.062498461538461614 0.06730662500000001
0 0.3040886153846153 0.25360352884615384 0.0456713846153845 0.016828923076923047
1 0.47956676923076935 0.34134786538461537 0.1706732307692307 0.06730662499999995
0 0.6682683076923078 0.6766841057692308 0.014424615384615924 0.031250475961538404
0 0.6850953846153844 0.6766841057692308 0.028844307692308058 0.031250475961538404
0 0.6899052307692306 0.6658668076923078 0.019229538461538298 0.028847639423076887
0 0.6935089230769231 0.63581775 0.02644184615384615 0.012018716346153924
0 0.6911064615384614 0.6334149134615386 0.021636923076922665 0.012018716346153702
0 0.6225969230769233 0.6670682259615385 0.038459076923076485 0.031250475961538404
0 0.492790153846154 0.7115388365384616 0.03365415384615417 0.024037432692307514
0 0.5156233846153849 0.7247589711538461 0.10336492307692319 0.007213043269230779
0 0.4963938461538461 0.7379791057692309 0.03125169230769248 0.019231759615384703
1 0.43870030769230783 0.6502393028846154 0.0697107692307693 0.14663649999999984
0 0.4170683076923076 0.7740397884615384 0.06490584615384598 0.01442155288461533
1 0.36898953846153837 0.6923070769230769 0.040866461538461574 0.18269264903846172
1 0.6610559999999999 0.6165859903846155 0.038459076923076596 0.08894122115384628
0 0.6983187692307693 0.9375006778846153 0.01682707692307661 0.05288507211538451
