1 0.9927889230769231 0.050481598557692325 0.014422153846153862 0.043269192307692265
1 0.879808 0.4134617932692308 0.06730830769230778 0.052885072115384846
1 0.8713944615384615 0.4975950745192309 0.12259692307692305 0.0721145649038466
1 0.09375015384615384 0.9519233641826923 0.03365415384615385 0.09615327163461551
1 0.06370215384615384 0.9567318004807693 0.055288615384615374 0.05769301201923094
1 0.6021636923076923 0.1562494759615385 0.02644184615384615 0.08173044471153833
1 0.3858166153846153 0.5012015961538461 0.040866461538461574 0.0889412211538464
0 0.40504861538461534 0.4459136875000001 0.06009599999999998 0.06490378846153833
0 0.09254892307692307 0.993990571514423 0.03605661538461538 0.01201885697115379
0 0.8521624615384615 0.09855873076923075 0.02644184615384615 0.0144238197115385
0 0.7644233846153847 0.401443076923077 0.043268923076923094 0.024037432692307847
0 0.9543261538461538 0.5264427139423076 0.043268923076923094 0.01923175961538448
0 0.1947126153846154 0.6057703221153845 0.014422153846153862 0.0336533124999997
