0 0.7896615384615384 0.11298173557692306 0.07452061538461541 0.024037432692307625
0 0.508411076923077 0.3461520865384615 0.040866461538461574 0.06250095192307709
0 0.6237981538461539 0.3016814759615384 0.10817476923076919 0.07451966826923073
0 0.6033673846153846 0.2199532980769231 0.024039384615384685 0.02163459615384608
1 0.5937476923076923 0.19711728365384623 0.08653784615384619 0.11057581730769253
1 0.5204332307692308 0.2932670144230769 0.10336492307692313 0.11057581730769236
0 0.20312615384615385 0.5144231826923078 0.06490584615384618 0.019231759615384703
1 0.8810092307692308 0.46273952884615377 0.05048123076923072 0.11778886057692306
0 0.04086646153846153 0.9062487500000002 0.05769353846153846 0.07692250480769203
0 0.05168246153846154 0.9735575528846153 0.03605661538461538 0.052884894230769364
