1 0.6358178461538462 0.7331734326923077 0.180288 0.1634608894230769
1 0.8125021538461539 0.6033658557692309 0.057693538461538685 0.12019169711538469
0 0.8052898461538462 0.6682696442307692 0.12500184615384635 0.05769074519230766
1 0.9014424615384614 0.7632224903846154 0.1298067692307694 0.06490378846153855
0 0.9795667692307692 0.7367776875 0.04086646153846152 0.0600981153846154
1 0.9002412307692308 0.8846156057692307 0.16105846153846182 0.1490393365384617
0 0.9002412307692308 0.8209132355769231 0.02644184615384626 0.08413554807692325
0 0.8569723076923078 0.8725968894230769 0.04086646153846152 0.05288507211538451
0 0.8846153846153846 0.8161075625 0.062498461538461614 0.06009811538461529
0 0.7956750769230767 0.48317415865384616 0.024039384615384463 0.03365331250000003
0 0.7956750769230767 0.42908766826923084 0.02884430769230739 0.06009811538461535
0 0.8353353846153846 0.3365376586538462 0.060095999999999816 0.02403743269230768
0 0.877403076923077 0.32932914903846155 0.03365415384615367 0.03365331250000003
0 0.990384 0.8124987740384616 0.019231999999999916 0.05769074519230766
0 0.9903864615384615 0.7920655961538461 0.019227076923076902 0.031250475961538515
0 0.9507224615384615 0.7259603894230768 0.05048123076923061 0.048074865384615584
0 0.9795667692307692 0.7704309999999999 0.04086646153846152 0.012018716346153924
1 0.9182695384615385 0.6021644374999999 0.07692307692307698 0.1418262932692308
