0 0.2067323076923076 0.3269252163461537 0.10576738461538435 0.03846351923076913
0 0.6562486153846153 0.06490269230769222 0.014424615384615258 0.02884763942307645
0 0.6274043076923077 0.02644198798076949 0.03845907692307715 0.05288397596153898
0 0.8617772307692307 0.200721894230769 0.036056615384615354 0.02163459615384622
0 0.8485587692307692 0.20672898557692293 0.014424615384615258 0.033653312500000254
0 0.8593747692307693 0.2800472355769233 0.031251692307692425 0.026440269230769475
0 0.8569723076923078 0.32331642788461545 0.036056615384615354 0.021634596153846164
0 0.6586560000000001 0.4194706923076921 0.08653784615384608 0.016828923076922908
0 0.6550473846153848 0.4519225865384614 0.060095999999999816 0.028847639423076443
0 0.5733193846153846 0.5192292115384614 0.036056615384615354 0.05288507211538457
0 0.7439926153846155 0.43509819711538467 0.02644184615384626 0.01442155288461594
1 0.6093759999999999 0.4663441394230768 0.031251692307692425 0.09134405769230802
1 0.6983163076923078 0.4314894086538461 0.11297969230769234 0.15144217307692281
1 0.7596135384615385 0.5048076586538462 0.10576738461538437 0.12019169711538452
