1 0.7524036923076923 0.4326922788461539 0.2451938461538461 0.0673066249999994
0 0.8221144615384616 0.504809110576923 0.1057673846153846 0.10095993750000071
1 0.7740406153846154 0.703124730769231 0.0961526153846155 0.17547960576923038
0 0.7596159999999998 0.6117806730769231 0.05288369230769219 0.0937514278846151
0 0.743990153846154 0.7439910865384614 0.04567138461538456 0.18509548557692312
1 0.8449526153846154 0.8233164278846157 0.1610584615384616 0.07932534134615454
0 0.8004824615384615 0.8064920384615386 0.04326892307692298 0.05528790865384592
1 0.9591347692307692 0.9651451286057693 0.08173046153846164 0.06970974278846143
0 0.158656 0.20432760096153865 0.0528836923076923 0.10577014423076964
0 0.7259618461538462 0.0685083990384616 0.028844307692307725 0.026440269230769455
