0 0.5096172307692308 0.23918197596153845 0.057693538461538574 0.01201871634615384
0 0.6213956923076923 0.40985590865384613 0.036056615384615354 0.026440269230769198
1 0.7584147692307692 0.3449521201923077 0.10336492307692313 0.12740474038461536
0 0.7896615384615384 0.612981735576923 0.07452061538461541 0.024037432692307625
0 0.508411076923077 0.8461520865384615 0.040866461538461574 0.06250095192307714
0 0.6237981538461539 0.8016814759615384 0.10817476923076919 0.07451966826923084
0 0.6033673846153846 0.7199532980769231 0.024039384615384685 0.021634596153845997
1 0.5937476923076923 0.6971172836538462 0.08653784615384619 0.1105758173076925
1 0.5204332307692308 0.7932670144230769 0.10336492307692313 0.11057581730769239
1 0.8810092307692308 0.9519225492788461 0.05048123076923072 0.09615490144230776
0 0.5997587692307693 0.1850954855769231 0.06009600000000004 0.009615879807692296
