1 0.9831729230769229 0.07091445793269238 0.03365415384615411 0.14182891586538476
0 0.930289230769231 0.3882216682692309 0.07211323076923071 0.03605614903846216
0 0.6574523076923078 0.004808117788461557 0.06971076923076902 0.009616235576923114
1 0.9290867692307692 0.28605577884615374 0.14182646153846157 0.23557772115384631
1 0.6262006153846154 0.048076176682692415 0.05048123076923072 0.09615235336538483
0 0.8449526153846152 0.5240363365384617 0.07932553846153867 0.11538602403846121
0 0.8509636923076923 0.6105747211538461 0.03365415384615411 0.10095993750000021
0 0.7788455384615384 0.8894216346153845 0.014424615384615924 0.00961587980769274
1 0.7596160000000001 0.8689884567307689 0.10096246153846145 0.15144217307692287
0 0.7163470769230769 0.9723547716346151 0.009614769230769649 0.05529045673076971
0 0.5048073846153849 0.9831730625 0.024039384615384463 0.01442155288461544
