0 0.24639261538461535 0.06730843269230746 0.0456713846153845 0.024037432692307015
0 0.2908676923076924 0.20072026442307728 0.02884430769230767 0.0072130432692302515
0 0.27764430769230763 0.21033614423076913 0.016827076923076834 0.07451966826923129
0 0.3846178461538461 0.06971126923076909 0.009614769230769094 0.009615879807692157
0 0.3161033846153846 0.22836648557692302 0.016827076923076834 0.009615879807692712
1 0.2920689230769231 0.15624965384615364 0.12259446153846146 0.15865521634615312
1 0.3437513846153847 0.08533877403846135 0.0961526153846155 0.12259453365384641
0 0.9771630769230769 0.018028978365384554 0.045673846153846176 0.03605795673076911
1 0.1862966153846154 0.5745200240384611 0.11297969230769231 0.12019169711538458
1 0.07932800000000001 0.6141804278846157 0.12019199999999997 0.2812497499999996
0 0.010818461538461529 0.46634704326923043 0.021636923076923057 0.019231759615384814
