0 0.5192319999999999 0.227164889423077 0.03365415384615367 0.04567202884615404
0 0.4627396923076924 0.3112959038461537 0.036056615384615354 0.07451966826923101
0 0.43870030769230767 0.38701699038461546 0.02163692307692322 0.038463519230769405
0 0.27523938461538466 0.5829343076923077 0.050481230769230695 0.04086635576923048
0 0.23317169230769225 0.5961544423076923 0.009614769230769149 0.01923175961538459
0 0.1947126153846154 0.6394236346153845 0.038459076923076874 0.0625009519230767
1 0.3197095384615386 0.49759734134615374 0.2451938461538461 0.19230852884615368
0 0.847355076923077 0.828123375 0.07452061538461519 0.02163459615384622
1 0.7836553846153845 0.8665868942307691 0.07211323076923071 0.09855710096153836
0 0.9651446153846155 0.8557695961538461 0.02644184615384626 0.028847639423077
