0 0.32211446153846157 0.027644539663461715 0.10576738461538465 0.05528907932692343
1 0.2740406153846154 0.2031247307692309 0.09615261538461548 0.17547960576923044
0 0.25961599999999996 0.1117806730769231 0.05288369230769219 0.09375142788461505
0 0.24399015384615388 0.2439910865384614 0.0456713846153845 0.18509548557692312
1 0.3449526153846154 0.3233164278846157 0.16105846153846148 0.07932534134615454
0 0.3004824615384615 0.30649203846153866 0.04326892307692304 0.05528790865384592
1 0.4843741538461538 0.5108192836538463 0.13220923076923086 0.1610580528846156
0 0.5576935384615385 0.6526455769230768 0.062498461538461614 0.14663649999999961
1 0.20913476923076924 0.7295680817307691 0.08173292307692312 0.04086635576923103
1 0.019232000000000003 0.7391839615384617 0.038464000000000005 0.02163459615384611
