0 0.4759630769230769 0.31971181730769227 0.019229538461538298 0.07692250480769242
0 0.4567286153846154 0.4555310192307693 0.08173292307692309 0.07932534134615388
1 0.492790153846154 0.13942386418269231 0.08173292307692309 0.27884772836538463
0 0.007211076923076927 0.42187317307692307 0.014422153846153854 0.06970946153846164
0 0.006011076923076923 0.30649168269230764 0.012022153846153846 0.03125047596153835
0 0.26202092307692315 0.8257219903846155 0.10096246153846139 0.01201871634615359
0 0.3569723076923078 0.8798084807692308 0.012017230769230947 0.024037432692307847
0 0.3750006153846155 0.8088930673076925 0.05769353846153863 0.007213043269230779
0 0.36177723076923074 0.635816298076923 0.012017230769230891 0.021634596153845997
1 0.23798153846153844 0.5961558942307692 0.28365292307692325 0.06250095192307692
1 0.13100799999999999 0.9170682259615385 0.06009600000000011 0.16586354807692305
1 0.18629907692307685 0.8942300336538461 0.06490584615384601 0.15865521634615365
1 0.3173070769230768 0.7992771874999999 0.10096246153846139 0.14663650000000006
1 0.4939913846153846 0.7536051586538461 0.17548307692307713 0.13702062019230776
