1 0.49038523076923085 0.24639501923076923 0.08653784615384608 0.06490378846153844
1 0.8112984615384616 0.9651443840144232 0.031249230769230474 0.06971123197115381
1 0.2980775384615385 0.911058141826923 0.06250092307692295 0.04807713221153864
1 0.2728369230769232 0.47235686057692305 0.02163446153846138 0.12259680048076915
1 0.21874953846153847 0.39663350721153845 0.04807630769230775 0.11538375721153837
1 0.909856 0.7800491466346153 0.0456738461538464 0.045672028846153734
0 0.26442338461538467 0.4651438173076923 0.028846769230769342 0.01682665625000007
0 0.49879876923076916 0.4591344591346154 0.021634461538461436 0.04326919230769233
0 0.6947126153846155 0.8653838461538461 0.038461538461538436 0.019231759615384814
0 0.4350966153846153 0.7692318485576923 0.028846769230769342 0.0144238197115385
0 0.2884627692307691 0.5624994999999999 0.03365415384615361 0.06250095192307692
0 0.3377403076923076 0.871393204326923 0.016827076923077056 0.02163459615384611
