0 0.24639261538461538 0.0036046622596153785 0.05048123076923072 0.007209324519230757
0 0.2608172307692308 0.04567511057692303 0.02163692307692297 0.0865383846153846
0 0.9759630769230769 0.31971181730769227 0.019229538461538298 0.07692250480769242
0 0.9567286153846153 0.4555310192307693 0.08173292307692315 0.07932534134615388
1 0.9759618461538462 0.13942386418269231 0.04807630769230764 0.27884772836538463
0 0.4939889230769231 0.42187317307692307 0.040866461538461574 0.06970946153846164
0 0.4795692307692308 0.30649168269230764 0.06490584615384598 0.03125047596153835
0 0.38822153846153845 0.2692295817307692 0.1274043076923076 0.05288507211538454
0 0.7620209230769232 0.8257219903846155 0.10096246153846145 0.01201871634615359
0 0.8569723076923077 0.8798084807692308 0.012017230769230891 0.024037432692307847
0 0.8750006153846155 0.8088930673076925 0.057693538461538685 0.007213043269230779
0 0.8617772307692309 0.635816298076923 0.012017230769230891 0.021634596153845997
1 0.7379815384615385 0.5961558942307692 0.28365292307692325 0.06250095192307692
1 0.631008 0.9170682259615385 0.06009600000000015 0.16586354807692305
1 0.6862990769230768 0.8942300336538461 0.06490584615384598 0.15865521634615365
1 0.8173070769230768 0.7992771874999999 0.10096246153846133 0.14663650000000006
1 0.953124923076923 0.7536051586538461 0.09375015384615404 0.13702062019230776
