0 0.7463926153846154 0.47956537019230766 0.05048123076923072 0.05528790865384614
0 0.7608172307692309 0.5456751105769231 0.021636923076922998 0.08653838461538454
1 0.7692307692307692 0.3605750913461539 0.10576738461538471 0.18749832211538464
0 0.9867778461538461 0.921873173076923 0.026444307692307656 0.06970946153846158
0 0.973558153846154 0.8064916826923076 0.05288369230769219 0.03125047596153829
0 0.8882215384615384 0.7692295817307693 0.1274043076923076 0.05288507211538451
0 0.218752 0.9819716069711538 0.0528836923076923 0.03605678605769236
0 0.11418092307692307 0.9819716069711539 0.0889403076923077 0.03605678605769225
0 0.08894030769230768 0.9375006778846153 0.038459076923076915 0.048074865384615584
0 0.13341538461538463 0.9014445288461539 0.12259446153846155 0.1538450096153846
