0 0.8040886153846156 0.46394094711538464 0.07452061538461519 0.057690745192307546
0 0.16826830769230783 0.17668410576923074 0.014424615384615869 0.03125047596153835
0 0.18509538461538438 0.17668410576923074 0.028844307692307974 0.03125047596153835
0 0.18990523076923055 0.16586680769230772 0.019229538461538298 0.02884763942307686
0 0.1935089230769232 0.13581775000000004 0.026441846153846232 0.012018716346153924
0 0.19110646153846142 0.1334149134615385 0.02163692307692272 0.012018716346153785
0 0.12259692307692333 0.16706822596153847 0.038459076923076596 0.03125047596153835
0 0.0048086153846155135 0.21153883653846156 0.009617230769231027 0.024037432692307542
0 0.03365292307692322 0.22475897115384613 0.06730584615384644 0.007213043269230807
0 0.006009846153846117 0.23797910576923081 0.012019692307692235 0.01923175961538473
1 0.16105599999999992 0.11658599038461548 0.03845907692307657 0.0889412211538463
0 0.19831876923076935 0.4375006778846154 0.016827076923076528 0.0528850721153844
0 0.17067076923076907 0.9975961189903846 0.1298067692307694 0.004807762019230832
