1 0.13581784615384618 0.7331734326923077 0.1802880000000001 0.1634608894230769
1 0.3125021538461539 0.6033658557692309 0.057693538461538685 0.12019169711538469
0 0.30528984615384624 0.6682696442307692 0.1250018461538464 0.05769074519230766
1 0.4014424615384614 0.7632224903846154 0.1298067692307694 0.06490378846153855
0 0.4963938461538461 0.7367776875 0.07452061538461524 0.0600981153846154
1 0.6045686153846154 0.6586537644230768 0.15144369230769206 0.11057581730769239
1 0.6153846153846154 0.7247589711538462 0.18750030769230752 0.11778886057692306
1 0.4002412307692308 0.8846156057692307 0.16105846153846176 0.1490393365384617
0 0.4002412307692308 0.8209132355769231 0.026441846153846205 0.08413554807692325
0 0.3569723076923078 0.8725968894230769 0.040866461538461574 0.05288507211538451
0 0.3846153846153846 0.8161075625 0.06249846153846156 0.06009811538461529
1 0.6923076923076923 0.9579330408653846 0.10096246153846145 0.08413391826923078
1 0.8437513846153847 0.8521637115384615 0.12500184615384646 0.28124974999999997
0 0.2956750769230768 0.48317415865384616 0.024039384615384518 0.03365331250000003
0 0.2956750769230768 0.42908766826923084 0.028844307692307447 0.06009811538461535
0 0.33533538461538454 0.3365376586538462 0.060095999999999816 0.02403743269230768
0 0.37740307692307695 0.32932914903846155 0.03365415384615367 0.03365331250000003
0 0.5060086153846155 0.8124987740384616 0.05048123076923072 0.05769074519230766
0 0.5000024615384616 0.7920655961538461 0.038459076923077096 0.031250475961538515
0 0.4507224615384615 0.7259603894230768 0.05048123076923072 0.048074865384615584
0 0.48918153846153833 0.7704309999999999 0.06009599999999987 0.012018716346153924
1 0.41826953846153847 0.6021644374999999 0.07692307692307693 0.1418262932692308
