1 0.16706953846153838 0.9146632115384614 0.1850978461538461 0.1514421730769232
0 0.16706953846153844 0.8173075288461538 0.1706732307692307 0.057690745192307546
1 0.41466584615384616 0.6826942788461539 0.16586338461538475 0.057690745192307546
1 0.13581784615384618 0.23317343269230778 0.1802880000000001 0.16346088942307693
1 0.3125021538461539 0.10336585576923084 0.057693538461538685 0.12019169711538472
0 0.30528984615384624 0.16826964423076923 0.1250018461538464 0.057690745192307685
1 0.4014424615384614 0.26322249038461537 0.1298067692307694 0.06490378846153846
0 0.4963938461538461 0.23677768749999992 0.07452061538461524 0.06009811538461535
1 0.6045686153846154 0.15865376442307685 0.15144369230769206 0.11057581730769238
1 0.6153846153846154 0.2247589711538462 0.18750030769230752 0.11778886057692303
1 0.4002412307692308 0.3846156057692307 0.16105846153846176 0.14903933653846163
0 0.4002412307692308 0.3209132355769231 0.026441846153846205 0.0841355480769232
0 0.3569723076923078 0.372596889423077 0.040866461538461574 0.05288507211538457
0 0.3846153846153846 0.31610756249999994 0.06249846153846156 0.06009811538461535
1 0.6923076923076923 0.46033669230769236 0.10096246153846145 0.08894122115384628
1 0.8437513846153847 0.3521637115384615 0.12500184615384646 0.2812497499999999
0 0.5060086153846155 0.31249877403846155 0.05048123076923072 0.05769074519230766
0 0.5000024615384616 0.2920655961538462 0.038459076923077096 0.03125047596153846
0 0.4507224615384615 0.2259603894230769 0.05048123076923072 0.04807486538461553
0 0.48918153846153833 0.270431 0.06009599999999987 0.012018716346153924
1 0.41826953846153847 0.10216443749999997 0.07692307692307693 0.1418262932692308
0 0.7836553846153846 0.5480764951923076 0.05288369230769241 0.019231759615384814
