1 0.28966400000000003 0.20913536298076923 0.06971076923076897 0.05769301201923091
1 0.3701932307692309 0.3774041923076924 0.028846769230769342 0.057693012019230605
0 0.23437538461538476 0.23076995913461545 0.060095999999999844 0.0336533124999997
1 0.16105846153846148 0.34855881971153835 0.038461538461538464 0.0336533124999997
0 0.38341415384615374 0.3882214903846155 0.02644184615384626 0.021634596153845942
1 0.6406252307692307 0.28004850961538447 0.02163446153846138 0.031250475961538626
1 0.9483175384615384 0.2920672259615384 0.02163446153846138 0.026442536057692534
0 0.9314904615384616 0.30048168750000004 0.02163446153846138 0.019231759615384536
0 0.44831753846153843 0.1418264711538462 0.02644184615384626 0.019231759615384314
0 0.2908652307692309 0.006010013822115267 0.024039384615384463 0.012020027644230534
0 0.11177846153846141 0.063702548076923 0.01682707692307707 0.012018716346153771
