0 0.9987975384615384 0.051684009615384566 0.0024049230769230823 0.036056149038461605
0 0.9855778461538461 0.033653490384615466 0.028844307692307725 0.06730698076923093
1 0.9314916923076924 0.0757214423076924 0.1370166153846154 0.05528790865384645
1 0.7740406153846153 0.03725887860576931 0.12500184615384613 0.07451775721153862
1 0.6490387692307693 0.008413506009615136 0.1298067692307694 0.016827012019230272
0 0.05889476923076923 0.46394275480769254 0.01682707692307693 0.01442155288461594
0 0.009614769230769232 0.41586335576923045 0.014424615384615385 0.0336533124999997
0 0.13220923076923077 0.4134605192307693 0.04807876923076926 0.01923175961538487
1 0.2764406153846154 0.438703903846154 0.1009624615384615 0.12259453365384693
1 0.7091347692307692 0.30648895673076926 0.12019199999999997 0.05048223557692261
1 0.8305279999999999 0.31009774519230776 0.12259446153846143 0.043269192307691884
1 0.9074523076923078 0.9831743365384616 0.18509538461538455 0.03365132692307671
1 0.6286080000000001 0.9963944711538464 0.16105846153846148 0.007211057692307232
