0 0.055288 0.682692 0.076923 0.115385
0 0.503606 0.870192 0.161058 0.067308
0 0.329327 0.926683 0.100962 0.146635
0 0.201923 0.985577 0.072115 0.028846
0 0.844952 0.902644 0.146635 0.064904
0 0.978365 0.871394 0.043269 0.185096
0 0.682692 0.776442 0.057692 0.125000
0 0.512019 0.724760 0.076923 0.122596
0 0.435096 0.632212 0.120192 0.091346
0 0.753606 0.542067 0.194712 0.055288
0 0.867788 0.445913 0.134615 0.141827
0 0.579327 0.456731 0.216346 0.125000
0 0.443510 0.299279 0.146635 0.064904
0 0.334135 0.308894 0.125000 0.079327
0 0.459135 0.324519 0.144231 0.048077
0 0.243990 0.205529 0.103365 0.055288
0 0.475962 0.099760 0.076923 0.141827
0 0.447115 0.031250 0.052885 0.057692
0 0.152644 0.161058 0.103365 0.120192
0 0.110577 0.128606 0.081731 0.151442
0 0.082933 0.070913 0.161058 0.137019
