0 0.538462 0.221154 0.072115 0.201923
0 0.528846 0.125000 0.144231 0.129808
0 0.556490 0.473558 0.170673 0.096154
0 0.706731 0.492788 0.168269 0.105769
0 0.718750 0.542067 0.192308 0.064904
0 0.967548 0.637019 0.064904 0.072115
0 0.592548 0.769231 0.165865 0.201923
0 0.694712 0.784856 0.043269 0.074519
0 0.739183 0.878606 0.098558 0.127404
0 0.122596 0.932692 0.192308 0.115385
0 0.067308 0.682692 0.062500 0.177885
0 0.367788 0.436298 0.100962 0.040865
0 0.287260 0.483173 0.088942 0.100962
0 0.121394 0.385817 0.045673 0.141827
0 0.122596 0.527644 0.048077 0.141827
0 0.162260 0.617788 0.146635 0.115385
0 0.103365 0.596154 0.201923 0.057692
0 0.094952 0.530048 0.151442 0.112981
