0 0.030048 0.704327 0.055288 0.091346
0 0.634615 0.558894 0.158654 0.084135
0 0.772837 0.533654 0.137019 0.158654
0 0.899038 0.518029 0.163462 0.084135
0 0.925481 0.435096 0.115385 0.153846
0 0.867788 0.411058 0.033654 0.120192
0 0.829327 0.350962 0.076923 0.072115
0 0.787260 0.227163 0.069712 0.122596
0 0.552885 0.417067 0.110577 0.108173
0 0.461538 0.430288 0.173077 0.096154
0 0.156250 0.069712 0.139423 0.057692
0 0.691106 0.413462 0.108173 0.072115
0 0.716346 0.521635 0.067308 0.091346
0 0.722356 0.480769 0.050481 0.076923
0 0.781250 0.445913 0.086538 0.132212
0 0.758413 0.394231 0.064904 0.086538
