0 0.016827076923076945 0.24759643750000002 0.03365415384615389 0.06730662500000001
0 0.6742793846153846 0.15985663461538463 0.05048123076923061 0.08894122115384613
0 0.6105772307692308 0.3822119543269231 0.057693538461538574 0.038461252403846236
0 0.8233181538461538 0.6790869423076924 0.08413538461538483 0.031250475961538404
0 0.7728369230769232 0.9771636670673077 0.08413538461538494 0.04567266586538454
0 0.31129846153846163 0.9651443840144232 0.03124923076923053 0.06971123197115381
1 0.7331741538461538 0.20432724519230766 0.07692307692307698 0.0432691923076923
1 0.5625009230769232 0.37139465625000007 0.057693538461538685 0.02163459615384611
1 0.8497600000000001 0.944711454326923 0.08413538461538483 0.03365331250000014
0 0.41225846153846146 0.7800491466346153 0.0456738461538464 0.045672028846153734
