0 0.7980775384615386 0.41105814182692313 0.06250092307692301 0.04807713221153859
0 0.54928 0.6586545793269231 0.06009600000000015 0.04326919230769222
0 0.5108184615384614 0.5504815985576923 0.05048123076923072 0.04326919230769233
0 0.37980800000000003 0.9134617932692308 0.06730830769230778 0.052885072115384846
0 0.3701932307692308 0.9807694627403846 0.12019199999999997 0.038461074519230865
0 0.7728369230769232 0.016827630408653836 0.02163446153846138 0.03365526081730767
0 0.12620307692307686 0.02644335096153846 0.07451815384615382 0.04326919230769234
0 0.09375015384615387 0.1959135985576923 0.08173046153846149 0.05047996874999999
0 0.3713944615384615 0.25000008894230774 0.08894276923076916 0.03846125240384604
0 0.0973563076923077 0.6586545793269231 0.02163446153846152 0.08653838461538466
1 0.12379815384615382 0.009615720552884621 0.021634461538461575 0.019231441105769242
1 0.17307815384615388 0.0036057956730769247 0.028846769230769342 0.007211591346153849
1 0.43028923076923076 0.22836549278846155 0.04326892307692304 0.048077132211538476
