1 0.5949513846153847 0.13822221634615375 0.036056615384615465 0.10336504086538438
1 0.25600984615384614 0.08894139903846138 0.02644184615384615 0.10577014423076911
1 0.3173070769230769 0.013220790264423106 0.06730830769230772 0.026441580528846213
1 0.37740307692307695 0.016826745192307594 0.04807630769230775 0.03365349038461519
3 0.270432 0.020432133413461447 0.012019692307692287 0.040864266826922895
1 0.15865353846153846 0.5012024110576923 0.11538461538461538 0.04567202884615401
3 0.1442313846153846 0.5372585600961541 0.028846769230769204 0.06009584855769223
1 0.05288369230769231 0.43870145913461545 0.07211569230769231 0.06009584855769229
3 0.09134523076923078 0.4759612932692307 0.03365415384615386 0.028845372596154162
1 0.16466461538461538 0.5889422139423077 0.08413538461538465 0.07211456490384627
