1 0.28725907692307695 0.10336440384615386 0.05048123076923067 0.05288507211538457
2 0.2584123076923076 0.07211619471153854 0.02644184615384626 0.019231759615384716
1 0.5817304615384615 0.137019983173077 0.0721156923076921 0.02884537259615405
2 0.5444701538461539 0.10336440384615386 0.031249230769230474 0.05288507211538457
1 0.6430276923076922 0.29687435096153847 0.036056615384615354 0.045672028846153734
2 0.6322116923076921 0.2716355000000001 0.028846769230769342 0.028845372596154162
1 0.09615507692307683 0.5673068028846153 0.08173046153846178 0.1057701442307688
1 0.05288369230769219 0.7848564495192307 0.06250092307692294 0.05047996875000005
1 0.3064910769230768 0.6394236346153845 0.02644184615384626 0.06730662499999995
1 0.28725907692307695 0.6574517091346153 0.026441846153846205 0.04567202884615407
2 0.2704320000000001 0.6382222163461536 0.03124923076923053 0.02163459615384622
2 0.11538461538461539 0.7475966153846153 0.08653784615384608 0.052885072115384624
2 0.04086646153846155 0.5036066995192309 0.038461538461538464 0.04567202884615379
1 0.8209132307692308 0.7704326298076923 0.060095999999999816 0.0889412211538465
1 0.8269218461538462 0.6610582307692308 0.1298067692307694 0.04326919230769244
2 0.8269218461538463 0.6225969783653846 0.08653784615384608 0.0625009519230767
2 0.8437489230769231 0.7199526610576923 0.024039384615384574 0.04086635576923048
