2 0.1706732307692308 0.8701926009615386 0.3413464615384616 0.10577014423076914
2 0.02043199999999997 0.7199518461538461 0.04086399999999994 0.18028981249999987
2 0.1911040000000001 0.6562494759615385 0.23317169230769252 0.06730662500000006
0 0.09134769230769224 0.6249990000000001 0.16827076923076917 0.22115163461538478
0 0.3605759999999999 0.6850971153846154 0.12019200000000024 0.1634608894230769
0 0.37620184615384605 0.8461551682692308 0.07932553846153867 0.17788244230769223
1 0.3521624615384616 0.41826891826923085 0.32932923076923093 0.2596151538461538
3 0.8413452307692306 0.4158660817307692 0.31730953846153875 0.08173271153846157
0 0.895433846153846 0.07812546394230775 0.17067323076923036 0.1562509278846155
1 0.677883076923077 0.32812627884615386 0.16827076923076978 0.09375142788461549
1 0.9338953846153847 0.528844735576923 0.13220923076923063 0.14903933653846163
1 0.912260923076923 0.3593767548076923 0.08894030769230732 0.09375142788461543
