0 0.3076947692307693 0.3281248269230768 0.1826904615384613 0.08413554807692292
1 0.5805267692307693 0.3088930673076924 0.3822129230769229 0.08894122115384645
1 0.362980923076923 0.26682529326923066 0.043268923076923316 0.10095993749999993
2 0.22956553846153854 0.44831652403846145 0.19471261538461537 0.1995170384615388
0 0.23557661538461536 0.5625011298076923 0.1826904615384613 0.0625009519230767
0 0.5012012307692308 0.5372577451923077 0.16105846153846176 0.1995170384615385
1 0.7836541538461539 0.5132203124999999 0.4326916923076922 0.09855710096153836
1 0.7776418461538461 0.4603352403846154 0.3822129230769229 0.02644026923076892
0 0.33413661538461525 0.6742783653846155 0.2548086153846152 0.2572123173076919
0 0.06610584615384624 0.9375006778846153 0.13221169230769247 0.12499864423076934
