2 0.002403692307692423 0.9723561346153846 0.004807384615384846 0.05528773076923066
0 0.08653784615384608 0.9002416586538462 0.06730830769230724 0.1610580528846155
0 0.2511999999999999 0.9447122692307692 0.26202092307692315 0.0625009519230767
2 0.43028676923076914 0.7572094134615384 0.1105772307692311 0.12500190384615406
2 0.13100923076923093 0.6237975817307693 0.26201846153846187 0.016828923076923075
1 0.4278843076923079 0.6213947451923078 0.052883692307692465 0.07451966826923084
1 0.5637021538461537 0.9567308966346155 0.08413538461538483 0.08653820673076906
0 0.01081723076923069 0.6706710288461538 0.02163446153846138 0.10095993749999987
0 0.3233181538461539 0.6430293413461537 0.14663384615384595 0.09375142788461543
0 0.568512 0.9014430769230769 0.33413415384615397 0.1730767692307691
0 0.03125046153846146 0.07812700480769227 0.06250092307692293 0.0649037884615384
0 0.1250018461538464 0.06370091826923079 0.11538707692307726 0.06490378846153848
0 0.4579347692307695 0.2463935673076923 0.06971076923076897 0.1802898125
0 0.3798055384615384 0.061298807692307694 0.07692307692307693 0.12259761538461539
5 0.4783655384615386 0.0048072139423076705 0.1298067692307694 0.009614427884615341
2 0.3076923076923077 0.07211537980769228 0.24999876923076905 0.038463519230769225
2 0.5528861538461538 0.15023930288461537 0.12019199999999969 0.03125047596153835
2 0.8918276923076922 0.20793458173076926 0.21634461538461547 0.1466364999999999
2 0.8966350769230769 0.1850940336538462 0.20672984615384626 0.11538602403846152
0 0.7103360000000003 0.12620187019230766 0.18028800000000011 0.0937514278846154
0 0.8353378461538461 0.5552895384615385 0.1274043076923076 0.12980757692307693
0 0.9711544615384616 0.5612966298076922 0.057691076923076734 0.14182629326923069
2 0.9326916923076922 0.5216362259615384 0.08173292307692304 0.04326919230769233
0 0.9074510769230768 0.7536051586538461 0.09375015384615348 0.12740474038461524
0 0.8221144615384617 0.8689911826923078 0.10096246153846145 0.10336730769230795
1 0.9687495384615386 0.7644224567307693 0.0625009230769229 0.038463519230769405
1 0.7920689230769229 0.7704340817307691 0.13701907692307735 0.060098115384615625
1 0.9278867692307693 0.9987975372596154 0.028844307692307947 0.0024049254807692044
