0 0.02163569230769232 0.6742798173076924 0.04327138461538464 0.1322104134615385
0 0.07692307692307693 0.5721139278846155 0.12019199999999969 0.10095993749999999
0 0.058894769230768966 0.47836703365384614 0.11297969230769285 0.15384500961538478
1 0.14903630769230766 0.4819712884615385 0.08173292307692309 0.10817298076923076
1 0.04086523076923061 0.4290862163461539 0.08173046153846122 0.06490378846153844
1 0.11538215384615405 0.6850971153846155 0.12019199999999969 0.09615426442307695
0 0.0673083076923075 0.8882217199519231 0.134616615384615 0.22355656009615366
1 0.992788923076923 0.6682681923076921 0.014422153846153973 0.07692250480769225
4 0.40504615384615383 0.7271648894230769 0.11297969230769284 0.09375142788461555
0 0.46514215384615365 0.8521622596153846 0.18028800000000006 0.1947113653846153
