3 0.7932701538461538 0.32091341346153845 0.235579076923077 0.2908656298076925
0 0.6526424615384615 0.21274043269230786 0.11778953846153839 0.08413554807692292
3 0.5240369230769231 0.312498951923077 0.35577107692307686 0.16827109615384608
3 0.15624861538461537 0.2572110432692308 0.30769230769230765 0.19230852884615365
2 0.32812307692307696 0.3185105769230768 0.06490584615384615 0.012018716346153813
2 0.6033673846153846 0.2235577307692308 0.062498461538461614 0.03365331249999998
3 0.7367778461538461 0.6057674182692305 0.12259446153846143 0.37500117788461595
3 0.787259076923077 0.7848556346153847 0.1995175384615383 0.4302887307692307
1 0.5204332307692308 0.829326423076923 0.3389440000000001 0.11538602403846121
2 0.7908676923076923 0.7307693221153846 0.11538707692307704 0.043269192307691884
1 0.9350953846153847 0.6971160096153847 0.12980923076923068 0.07692250480769203
3 0.4999975384615385 0.9987987596153846 0.08653784615384624 0.002402480769230886
