3 0.4146633846153848 0.2475982451923076 0.4014424615384612 0.18269264903846175
0 0.1766818461538461 0.34495392788461554 0.11778953846153795 0.2620179903846147
1 0.5192295384615383 0.14663377403846176 0.5721156923076927 0.17788244230769287
1 0.11177846153846169 0.2728370961538464 0.22355692307692338 0.1754796057692304
0 0.03485538461538477 0.5877401586538462 0.06971076923076953 0.2908656298076922
0 0.09495261538461527 0.5937517836538463 0.18990523076923055 0.1778824423076928
3 0.18870153846153861 0.985576765625 0.37740307692307723 0.028846468750000076
3 0.08654030769230796 0.8653850685096155 0.13942153846153799 0.269229862980769
3 0.13101046153846158 0.8569717403846155 0.11778953846153792 0.2860565192307689
2 0.07091446153846176 0.6286065144230767 0.06971076923076899 0.09375142788461455
2 0.1298092307692307 0.7127420624999998 0.05288369230769245 0.05048223557692266
1 0.2680295384615383 0.7632197644230769 0.28125046153846145 0.13702062019230865
2 0.04086400000000022 0.980768825721154 0.02403938461538447 0.03846234855769215
1 0.021633230769230714 0.9975954819711538 0.04326646153846143 0.004809036057692451
3 0.8689895384615385 0.8173079362980767 0.15624861538461554 0.3653841274038465
1 0.8076923076923077 0.7247607788461539 0.1634609230769235 0.0697094615384618
