0 0.8545673846153847 0.25240246634615404 0.29086523076923065 0.12019169711538455
3 0.593750153846154 0.5432680961538463 0.30288246153846154 0.16827109615384583
0 0.5516824615384616 0.6454339855769231 0.20913230769230812 0.21394312500000012
5 0.8750006153846155 0.9831743365384616 0.12019199999999963 0.03365132692307671
3 0.18629661538461528 0.9362974891826923 0.14663384615384595 0.12740502163461542
1 0.8076923076923077 0.5468768846153848 0.17788553846153832 0.08894122115384562
1 0.26081723076923097 0.9170678557692311 0.1466338461538459 0.09855710096153836
3 0.24158769230769214 0.2896645673076923 0.2956750769230774 0.25721231730769256
0 0.1033673846153845 0.4038446394230769 0.15865600000000005 0.25480948076923066
1 0.004806153846153904 0.4338936971153843 0.009612307692307809 0.10336730769230723
