2 0.22836676923076904 0.06370214062500014 0.40384492307692293 0.12740428125000028
0 0.45552738461538445 0.03605705288461536 0.1562486153846156 0.07211410576923072
0 0.7115372307692306 0.022836918269230903 0.2596135384615388 0.045673836538461805
0 0.015625846153846205 0.17067120673076902 0.03125169230769241 0.10577014423076911
0 0.09976123076923052 0.26923284134615405 0.1370190769230773 0.24038339423076902
3 0.24279015384615393 0.30047878365384595 0.48558030769230787 0.1971142019230761
3 0.2800492307692306 0.4459138653846154 0.2956750769230773 0.21394312500000007
3 0.6959113846153844 0.47836575961538474 0.33413415384615397 0.2307675144230774
0 0.7692307692307693 0.2800501394230772 0.17788553846153832 0.30048150961538495
2 0.5805292307692309 0.38942453846153857 0.2379815384615387 0.05288507211538512
1 0.4002412307692308 0.6225948894230771 0.07932553846153872 0.12980757692307676
