1 0.06370215384615381 0.021634685096153808 0.08413538461538486 0.043269370192307616
1 0.5516824615384616 0.14422930769230768 0.16586338461538425 0.06730662500000023
1 0.4278867692307693 0.08894244350961546 0.028844307692308002 0.17788488701923091
1 0.23437538461538474 0.20673025961538466 0.1514436923076921 0.03846351923076943
0 0.3701932307692306 0.20673025961538466 0.20672984615384632 0.08173271153846182
5 0.9038449230769229 0.41706912980769223 0.0913476923076928 0.14182629326923046
0 0.9314880000000001 0.5216333221153846 0.08413538461538483 0.07692250480769208
1 0.9663458461538461 0.3762027740384616 0.06730830769230778 0.05048223557692322
2 0.897838769230769 0.9627410697115385 0.18028800000000011 0.074517860576923
2 0.9062523076923079 0.9266815204326921 0.15384615384615385 0.14663695913461572
0 0.9963950769230767 0.9038475432692307 0.007209846153846566 0.18749832211538475
0 0.9975963076923078 0.9927878605769233 0.004807384615384325 0.014424278846153493
