1 0.3064910769230768 0.0036066105769230025 0.09375015384615404 0.007213221153846005
0 0.9975975384615385 0.014422775240384694 0.004804923076922929 0.028845550480769387
1 0.9939901538461539 0.05048241346153855 0.012019692307692287 0.08653838461538454
0 0.1165883076923076 0.23918215384615382 0.15144369230769208 0.12740474038461533
0 0.018028307692307684 0.16706532211538472 0.03605661538461537 0.09855710096153832
1 0.6971175384615385 0.9459121466346154 0.12019199999999974 0.10817570673076915
1 0.7043249230769233 0.8942316634615383 0.1826904615384618 0.11057581730769206
0 0.8016836923076925 0.8689907752403845 0.1081747692307693 0.26201844951923114
0 0.9218744615384615 0.7872601009615385 0.15625107692307694 0.11297865384615424
0 0.8161033846153847 0.9915875757211539 0.146633846153846 0.016824848557692396
