0 0.02163569230769232 0.17427981730769238 0.04327138461538464 0.13221041346153845
0 0.07692307692307693 0.07211392788461538 0.12019199999999969 0.10095993749999993
0 0.058894769230768966 0.027644769230769237 0.11297969230769285 0.05528953846153847
1 0.14903630769230766 0.01802888942307695 0.08173292307692309 0.0360577788461539
1 0.11538215384615405 0.18509711538461543 0.12019199999999969 0.09615426442307698
0 0.0673083076923075 0.4026444951923078 0.134616615384615 0.25240211057692313
1 0.2091323076923075 0.6418264711538464 0.10576738461538493 0.038463519230769516
1 0.057692307692307696 0.5504824134615385 0.11538461538461539 0.08653838461538454
2 0.12019200000000022 0.558892341346154 0.03365415384615415 0.06970946153846125
1 0.18870153846153834 0.5564895048076922 0.07932553846153867 0.07932534134615365
0 0.13100800000000026 0.6538451875 0.060096000000000385 0.13942345673076928
0 0.1430301538461538 0.7896643894230768 0.06490584615384656 0.13702062019230776
1 0.992788923076923 0.16826819230769213 0.014422153846153973 0.07692250480769225
4 0.40504615384615383 0.22716488942307694 0.11297969230769284 0.09375142788461546
0 0.46514215384615365 0.3521622596153846 0.18028800000000006 0.19471136538461525
2 0.3665870769230767 0.7103345144230768 0.4062523076923073 0.1610580528846155
3 0.6057698461538463 0.7211518125 0.1250018461538459 0.36057509134615384
2 0.6995200000000001 0.7307676923076922 0.24519384615384665 0.1057701442307688
1 0.9651446153846155 0.902643043269231 0.06971076923076902 0.10336730769230795
0 0.8293267692307691 0.9723554086538462 0.21153969230769243 0.05528918269230776
0 0.7211519999999998 0.9447125877403844 0.1250018461538459 0.11057482451923117
0 0.8533661538461541 0.598557278846154 0.20672984615384626 0.06250095192307703
0 0.8485563076923079 0.739182153846154 0.12019199999999974 0.15624784615384646
