0 0.03125046153846146 0.5781270048076923 0.06250092307692293 0.06490378846153844
0 0.1250018461538464 0.5637009182692307 0.11538707692307726 0.06490378846153844
0 0.4579347692307695 0.7463935673076922 0.06971076923076897 0.18028981249999998
0 0.3798055384615384 0.5156260528846154 0.07692307692307693 0.21394312499999996
5 0.4783655384615386 0.4651438173076923 0.1298067692307694 0.08894122115384606
0 0.5456738461538464 0.354568 0.048078769230768925 0.1514421730769231
0 0.7463926153846157 0.3930269855769231 0.05528615384615421 0.19471136538461542
2 0.6586535384615386 0.4158675336538462 0.16346092307692361 0.0865383846153846
2 0.3076923076923077 0.5721153798076923 0.24999876923076905 0.038463519230769294
2 0.5528861538461538 0.6502393028846154 0.12019199999999969 0.031250475961538404
1 0.45312492307692326 0.34134786538461537 0.08413538461538483 0.16827109615384622
1 0.3521624615384613 0.3173058990384615 0.0456713846153845 0.15384500961538458
2 0.8918276923076922 0.7079345817307692 0.21634461538461547 0.14663649999999995
2 0.8966350769230769 0.6850940336538462 0.20672984615384626 0.11538602403846154
0 0.7103360000000003 0.6262018701923077 0.18028800000000011 0.09375142788461543
0 0.8353378461538461 0.995192875 0.1274043076923076 0.009614250000000046
0 0.9711544615384616 0.9951917415865384 0.057691076923076734 0.009616516826923105
