0 0.10096123076923072 0.23677913942307693 0.20192246153846144 0.15624784615384615
0 0.1322116923076922 0.8641827463942308 0.13461661538461556 0.2716345072115385
1 0.8317316923076925 0.18629690384615383 0.033654153846153556 0.09375142788461541
1 0.4807704615384615 0.0396649375 0.1105772307692306 0.05048223557692308
1 0.4122609230769231 0.058892163461538465 0.09375015384615398 0.0937514278846154
0 0.5480787692307691 0.0637023701923077 0.08173292307692315 0.10336730769230772
0 0.5372578461538462 0.24639501923076923 0.1899027692307692 0.28124974999999997
0 0.7367803076923078 0.30889597115384615 0.16586338461538475 0.18028981249999998
0 0.9915876923076924 0.625000451923077 0.016824615384615216 0.18269264903846139
1 0.9867778461538462 0.8834141875 0.026444307692307545 0.07451966826923062
1 0.8677883076923079 0.8353347884615384 0.13461661538461556 0.06490378846153844
0 0.9290855384615385 0.9266825649038462 0.06490584615384609 0.1466348701923077
