0 0.3750006153846155 0.02283528846153844 0.11057723076923054 0.04567057692307688
3 0.8617796923076924 0.04687612139423074 0.21394215384615434 0.09375224278846148
0 0.9086523076923078 0.020432451923076914 0.17307569230769215 0.04086490384615383
2 0.388219076923077 0.6526452211538463 0.12740430769230765 0.1129786538461538
2 0.7115372307692306 0.3521637115384615 0.49038276923076957 0.49759571153846166
0 0.44591261538461535 0.7800499615384615 0.15624861538461565 0.09855710096153836
0 0.2499987692307693 0.7331719807692308 0.17307569230769212 0.07692250480769203
0 0.016827076923076945 0.733171980769231 0.03365415384615389 0.12980757692307687
1 0.09254892307692313 0.8894231382211538 0.18509784615384625 0.22115372355769236
1 0.013220923076923113 0.635816298076923 0.026441846153846225 0.09375142788461543
3 0.5709144615384618 0.6586523124999999 0.08413538461538483 0.3653852980769231
1 0.503606153846154 0.9879802391826924 0.08413538461538483 0.024039521634615202
0 0.6262006153846154 0.9230775841346154 0.17067323076923036 0.15384483173076924
0 0.7572135384615384 0.935096389423077 0.06730830769230722 0.0721168317307691
2 0.8293267692307691 0.9507193605769233 0.06730830769230722 0.04086635576923048
2 0.9110584615384615 0.9723561346153846 0.17788307692307703 0.05528773076923066
2 0.9999987692307694 0.6237975817307693 2.461538461284718e-06 0.016828923076923075
0 0.887019076923077 0.6706710288461538 0.22596184615384596 0.10095993749999987
2 0.9314904615384614 0.0444691586538461 0.04086646153846096 0.050482235576922996
0 0.9663470769230768 0.07812700480769227 0.0673058461538465 0.0649037884615384
