1 0.28726153846153846 0.9170682259615385 0.13220923076923075 0.16586354807692305
1 0.5060086153846154 0.930288360576923 0.09375015384615398 0.1394232788461539
1 0.6610559999999999 0.927884390625 0.10576738461538437 0.14423121875
0 0.7199507692307692 0.9206736141826923 0.18509784615384628 0.15865277163461533
2 0.8557686153846155 0.8701926009615386 0.2884627692307691 0.10577014423076914
2 0.8437501538461538 0.7199518461538461 0.31249969230769226 0.18028981249999987
3 0.7824541538461539 0.6622611009615385 0.34374892307692306 0.1610580528846156
1 0.5432713846153847 0.5985587307692308 0.14423138461538476 0.08653838461538466
2 0.45552738461538445 0.6887013701923077 0.2716356923076923 0.17067393269230768
1 0.6442289230769231 0.40865303846153844 0.07211323076923082 0.3076945528846155
1 0.7475938461538463 0.41826891826923085 0.2644233846153844 0.2884627932692308
1 0.8233156923076923 0.4314890528846154 0.2091323076923075 0.41105732692307695
2 0.0396627692307692 0.26682674519230776 0.0793255384615384 0.4423078028846154
0 0.1670695384615385 0.022836421874999988 0.1995175384615385 0.045672843749999976
1 0.4471138461538462 0.16706781850961538 0.06730830769230778 0.33413563701923077
