0 0.4627396923076924 0.5312506538461539 0.3918276923076926 0.1586552163461537
3 0.49038276923076896 0.1682681923076922 0.21153969230769243 0.2548094807692306
0 0.923078153846154 0.04086490384615383 0.15384369230769201 0.08172980769230766
0 0.8161046153846155 0.4218762548076923 0.3677907692307689 0.09375142788461538
0 0.8221144615384617 0.9663449170673077 0.07692307692307687 0.06731016586538441
1 0.03365415384615375 0.9975953930288464 0.0673083076923075 0.004809213942307378
1 0.1610584615384615 0.6141847836538462 0.23076923076923078 0.10336730769230806
2 0.34374892307692306 0.429084764423077 0.13461661538461556 0.286059956730769
2 0.6682683076923078 0.812499907451923 0.24999876923076902 0.37500018509615396
4 0.819712 0.5769226826923078 0.1442313846153841 0.12019169711538447
