0 0.0673083076923075 0.014422775240384694 0.134616615384615 0.028845550480769387
1 0.2091323076923075 0.14182647115384633 0.10576738461538493 0.038463519230769405
1 0.057692307692307696 0.05048241346153855 0.11538461538461539 0.08653838461538454
2 0.12019200000000022 0.05889234134615397 0.03365415384615415 0.06970946153846132
1 0.18870153846153834 0.0564895048076922 0.07932553846153867 0.07932534134615374
0 0.13100800000000026 0.15384518749999998 0.060096000000000385 0.1394234567307694
0 0.1430301538461538 0.28966438942307693 0.06490584615384656 0.1370206201923077
2 0.3665870769230767 0.21033451442307682 0.4062523076923073 0.16105805288461558
3 0.6057698461538463 0.22115181250000004 0.1250018461538459 0.3605750913461538
2 0.6995200000000001 0.23076769230769223 0.24519384615384665 0.10577014423076883
1 0.924278153846154 0.6490380625000001 0.15144369230769206 0.2115402884615385
1 0.9651446153846155 0.4026430432692309 0.06971076923076902 0.10336730769230806
0 0.3185083076923077 0.7199534759615385 0.2187520000000004 0.1514421730769232
0 0.8293267692307691 0.5072117692307694 0.21153969230769243 0.12500190384615417
0 0.7211519999999998 0.49279021634615366 0.1250018461538459 0.20673008173076968
0 0.8533661538461541 0.09855727884615392 0.20672984615384626 0.06250095192307696
0 0.8485563076923079 0.239182153846154 0.12019199999999974 0.15624784615384638
0 0.0012024615384615455 0.7872601009615385 0.002404923076923091 0.11297865384615424
