0 0.02764430769230777 0.1250004519230769 0.05528861538461554 0.18269264903846144
1 0.07812676923076914 0.2800468798076923 0.09855999999999965 0.1466365
1 0.04687384615384606 0.3834141875 0.09374769230769212 0.07451966826923062
2 0.05168246153846157 0.7968743509615386 0.10336492307692315 0.23317488461538483
0 0.19591138461538438 0.681488326923077 0.18509784615384625 0.10336730769230762
1 0.4134621538461539 0.6237975817307692 0.15384615384615385 0.06009811538461518
0 0.4963963076923079 0.6742798173076924 0.09375015384615343 0.1322104134615385
0 0.5769230769230769 0.5721139278846155 0.12019199999999974 0.10095993749999999
0 0.558894769230769 0.47836703365384614 0.11297969230769289 0.15384500961538478
1 0.6490363076923076 0.4819712884615385 0.08173292307692315 0.10817298076923076
1 0.5096147692307691 0.4290862163461539 0.14423138461538415 0.06490378846153844
1 0.615382153846154 0.6850971153846155 0.12019199999999963 0.09615426442307695
1 0.3509636923076923 0.7415864423076923 0.10096246153846139 0.06490378846153844
1 0.42908800000000014 0.7463921153846154 0.06490584615384654 0.060098115384615625
0 0.564905846153846 0.8882217199519231 0.13942153846153799 0.22355656009615366
4 0.9050461538461538 0.7271648894230769 0.11297969230769278 0.09375142788461555
0 0.9374990769230768 0.8521622596153846 0.12500184615384646 0.1947113653846153
