2 0.9795679999999999 0.02523943629807672 0.040864000000000233 0.05047887259615344
2 0.8930264615384615 0.24158825000000006 0.15144369230769206 0.1754796057692304
2 0.9795679999999999 0.2127406105769233 0.040864000000000233 0.09375142788461505
1 0.9134621538461539 0.4723557644230769 0.17307569230769215 0.25240211057692363
0 0.7896615384615384 0.3389439326923077 0.06490584615384654 0.08173271153846157
3 0.9326941538461538 0.1105775360576924 0.13461169230769232 0.2211550721153848
0 0.18509784615384625 0.09735626802884613 0.12500184615384585 0.19471253605769226
0 0.174276923076923 0.417067855769231 0.21394215384615423 0.0649037884615386
0 0.28726153846153857 0.4218735288461537 0.2524061538461535 0.14182629326923074
0 0.3353353846153848 0.6802872644230773 0.05528615384615421 0.07692250480769214
0 0.332932923076923 0.7319709182692306 0.19951753846153836 0.026440269230769475
