1 0.3521624615384616 0.8942306706730769 0.32932923076923093 0.21153865865384602
3 0.334134153846154 0.09855710096153845 0.3990400000000002 0.19230852884615382
1 0.311296 0.10937439903846155 0.06009599999999987 0.1947113653846154
1 0.474761846153846 0.18269264903846155 0.07932553846153872 0.2980786730769231
3 0.8413452307692306 0.9158660817307693 0.31730953846153875 0.08173271153846151
0 0.895433846153846 0.4939914567307693 0.17067323076923036 0.3245189423076924
1 0.8918252307692307 0.26923103365384615 0.1250018461538459 0.1923085288461538
1 0.9939901538461536 0.30048150961538467 0.012019692307692731 0.09134405769230769
1 0.677883076923077 0.8281262788461539 0.16827076923076978 0.09375142788461543
1 0.9338953846153847 0.9771625336538461 0.13220923076923063 0.045674932692307824
1 0.912260923076923 0.8593767548076923 0.08894030769230732 0.09375142788461555
