3 0.7367778461538461 0.14663400360576928 0.12259446153846143 0.29326800721153856
3 0.787259076923077 0.2944716923076923 0.1995175384615383 0.44952084615384585
1 0.5204332307692308 0.32932642307692295 0.3389440000000001 0.11538602403846127
2 0.7908676923076923 0.23076932211538465 0.11538707692307704 0.043269192307691856
1 0.9350953846153847 0.19711600961538467 0.12980923076923068 0.07692250480769211
3 0.4999975384615385 0.6466368557692306 0.08653784615384624 0.298078673076923
3 0.48918153846153845 0.9014434843750001 0.10817476923076913 0.19711303124999968
1 0.35817353846153843 0.8004818653846153 0.22115446153846147 0.03846351923076863
1 0.42307938461538463 0.7896645673076923 0.12019199999999997 0.19951703846153845
0 0.7896615384615384 0.9975954819711538 0.12259446153846143 0.004809036057692451
0 0.9134621538461538 0.9699515276442308 0.10096246153846167 0.06009694471153837
1 0.8762043076923077 0.9663455913461536 0.06971076923076924 0.0673066249999994
