0 0.1814916923076923 0.6310106249999998 0.1514436923076924 0.26201799038461526
2 0.07692553846153849 0.6478350144230769 0.1538461538461539 0.06490378846153844
1 0.14903876923076925 0.810094485576923 0.12500184615384613 0.13461325000000024
1 0.7872615384615385 0.9170682259615385 0.13220923076923063 0.16586354807692305
1 0.9795667692307692 0.930288360576923 0.04086646153846152 0.1394232788461539
1 0.9855778461538461 0.5985587307692308 0.028844307692307725 0.08653838461538466
2 0.9098547692307691 0.6887013701923077 0.18029046153846173 0.17067393269230768
1 0.3149021538461539 0.7644224567307694 0.23076923076923075 0.10095993749999999
2 0.2824541538461538 0.7091345480769231 0.08894030769230754 0.038463519230769516
1 0.33653907692307683 0.5889428509615384 0.07211323076923076 0.09615426442307695
2 0.3581710769230769 0.26682674519230776 0.44230892307692304 0.4423078028846154
2 0.33894153846153846 0.3341340961538461 0.18750030769230772 0.6682681923076922
0 0.6670695384615385 0.022836421874999988 0.1995175384615384 0.045672843749999976
1 0.9471138461538462 0.16706781850961538 0.06730830769230778 0.33413563701923077
