0 0.013220923076923078 0.2079315 0.026441846153846156 0.15624784615384613
0 0.30408615384615384 0.0432691923076923 0.20432738461538455 0.08173271153846151
0 0.05408615384615386 0.6201902451923077 0.10817230769230772 0.1730767692307691
0 0.9543261538461538 0.9387024146634615 0.09134769230769224 0.1225951706730769
3 0.7908652307692309 0.9387024146634615 0.2451938461538461 0.1225951706730769
5 0.4254793846153846 0.8473535048076923 0.11057723076923082 0.27163387019230767
1 0.40624984615384613 0.10456872596153843 0.1057673846153846 0.10336730769230766
1 0.7860553846153846 0.8701940528846153 0.18269046153846136 0.08653838461538454
1 0.7620209230769233 0.9579330408653846 0.19711507692307695 0.08413391826923078
2 0.3425501538461538 0.9939914567307693 0.20432738461538455 0.012017086538461452
