3 0.17788307692307698 0.11057622475961537 0.35576615384615395 0.22115244951923074
0 0.47956676923076946 0.0781270048076923 0.1706732307692304 0.1274047403846153
2 0.26202092307692315 0.20312437500000002 0.33173169230769217 0.12259453365384601
1 0.5949538461538462 0.1502393028846154 0.1610584615384617 0.07932534134615374
1 0.60096 0.05168220192307693 0.20672984615384626 0.04086635576923078
3 0.10096123076923072 0.7584153653846153 0.20192246153846144 0.286059956730769
1 0.013219692307692444 0.9026444951923077 0.02643938461538489 0.07932534134615365
1 0.03005046153846153 0.917066048076923 0.05528615384615421 0.05528790865384614
3 0.5240369230769231 0.8942299447115384 0.4038449230769229 0.21154011057692323
1 0.5781267692307692 0.900241658653846 0.12259446153846143 0.06490378846153833
