0 0.49879876923076916 0.5600955673076918 0.18028800000000006 0.17307676923076903
1 0.38822153846153856 0.6935073990384617 0.05528615384615365 0.09375142788461455
1 0.6947126153846155 0.47956880769230775 0.22115446153846163 0.06009811538461485
2 0.4387027692307693 0.0949517499999999 0.02644184615384626 0.14182629326923074
0 0.4507199999999999 0.016826108173076795 0.060095999999999816 0.03365221634615359
1 0.3894227692307692 0.022837733173076913 0.07211323076923071 0.045675466346153826
1 0.4699495384615385 0.4278851538461539 0.08413538461538483 0.01923175961538487
1 0.3161033846153846 0.4026463028846156 0.11297969230769234 0.08413554807692292
0 0.4110596923076922 0.3689884567307689 0.08653784615384608 0.15144217307692287
0 0.43509415384615396 0.22716216346153845 0.06730830769230778 0.13221041346153803
1 0.1935089230769232 0.22115507211538454 0.08413538461538486 0.01923175961538484
0 0.07331815384615376 0.22836358173076915 0.1466363076923075 0.06250095192307725
