3 0.36177969230769236 0.04687612139423074 0.21394215384615423 0.09375224278846148
0 0.40865230769230776 0.020432451923076914 0.17307569230769215 0.04086490384615383
2 0.22836430769230767 0.3521637115384615 0.45672861538461534 0.49759571153846166
0 0.012018461538461568 0.7800499615384615 0.024036923076923136 0.09855710096153836
3 0.07091446153846175 0.6586523124999999 0.08413538461538486 0.3653852980769231
1 0.0228369230769232 0.9879802391826924 0.0456738461538464 0.024039521634615202
0 0.1262006153846154 0.9230775841346154 0.17067323076923036 0.15384483173076924
0 0.2572135384615383 0.935096389423077 0.06730830769230722 0.0721168317307691
2 0.3293267692307691 0.9507193605769233 0.06730830769230722 0.04086635576923048
2 0.4134621538461539 0.9723561346153846 0.18269046153846186 0.05528773076923066
0 0.586537846153846 0.9002416586538462 0.06730830769230722 0.1610580528846155
0 0.7511999999999999 0.9447122692307692 0.26202092307692315 0.0625009519230767
2 0.930286769230769 0.7572094134615384 0.1105772307692311 0.12500190384615406
2 0.6310080000000002 0.6237975817307693 0.2620209230769232 0.016828923076923075
1 0.927884307692308 0.6213947451923078 0.05288369230769241 0.07451966826923084
0 0.3978363076923077 0.6706710288461538 0.24759630769230728 0.10095993749999987
0 0.8233181538461539 0.6430293413461537 0.1466338461538459 0.09375142788461543
0 0.9507224615384615 0.9014430769230769 0.09855507692307697 0.1730767692307691
2 0.4314904615384614 0.0444691586538461 0.04086646153846102 0.050482235576922996
0 0.4975975384615382 0.07812700480769227 0.12980676923076934 0.0649037884615384
0 0.6250018461538465 0.06370091826923079 0.11538707692307726 0.06490378846153848
0 0.9579347692307695 0.2463935673076923 0.06971076923076902 0.1802898125
0 0.8798055384615384 0.061298807692307694 0.07692307692307687 0.12259761538461539
5 0.956731076923077 0.0048072139423076705 0.08653784615384608 0.009614427884615341
2 0.8076923076923077 0.07211537980769228 0.24999876923076902 0.038463519230769225
2 0.9963950769230769 0.15023930288461537 0.007209846153846011 0.03125047596153835
