1 0.19711753846153848 0.008413098557692131 0.12019199999999969 0.016826197115384262
0 0.30168369230769254 0.014423590144230704 0.10817476923076935 0.028847180288461408
2 0.250001230769231 0.1610598605769228 0.03365415384615417 0.05769074519230835
1 0.13822276923076898 0.08654019230769258 0.10336492307692315 0.06250095192307725
1 0.13341292307692335 0.24398945673076938 0.09375015384615344 0.026440269230770003
0 0.20192246153846144 0.12860796634615376 0.05288369230769244 0.06009811538461479
0 0.3161033846153846 0.07451943870192324 0.1466338461538459 0.14903887740384647
0 0.18509538461538438 0.25120250000000016 0.12500184615384585 0.18990569230769203
1 0.23077169230769212 0.3137034519230769 0.11538707692307729 0.045672028846153234
0 0.05408738461538466 0.42548068750000023 0.10817476923076932 0.2019244086538466
