1 0.9122609230769231 0.360576721153846 0.17547815384615384 0.08653838461538454
0 0.9915876923076924 0.3377407067307694 0.016824615384615216 0.16586372596153853
0 0.07572184615384604 0.5288478173076924 0.15144369230769208 0.09134405769230775
0 0.07932800000000001 0.5925501875 0.07211323076923075 0.060098115384615625
4 0.22836430769230767 0.5204333557692307 0.10096246153846139 0.07451966826923073
2 0.15625107692307694 0.5192319375 0.06730830769230722 0.01923175961538459
0 0.7247581538461537 0.9387037259615384 0.2379815384615387 0.07451966826923107
1 0.8822129230769229 0.8930271634615383 0.11538707692307726 0.045672028846153734
0 0.9062510769230769 0.9855766766826922 0.18749784615384613 0.028846646634615558
1 0.9987975384615384 0.9711528569711538 0.0024049230769230823 0.05769428605769222
