1 0.19471261538461532 0.05649258653846158 0.17307569230769226 0.021634596153845935
0 0.06730830769230771 0.07211619471153832 0.13461661538461542 0.14423238942307665
1 0.9122596923076924 0.9879803281249999 0.17548061538461524 0.024039343750000275
1 0.8533661538461539 0.05168415024038463 0.15865600000000002 0.10336830048076925
1 0.6874978461538461 0.1875015817307692 0.15384615384615374 0.16827109615384606
0 0.8569698461538462 0.39543308173076935 0.1370190769230768 0.1802898124999993
0 0.7632196923076922 0.31129753365384605 0.0985600000000002 0.10817298076923071
0 0.7812480000000002 0.15985536057692315 0.07211323076923071 0.18028981250000015
0 0.8762043076923076 0.22475914903846161 0.10817476923076941 0.02163459615384619
0 0.8882215384615386 0.2680283413461536 0.1081747692307693 0.031250475961538626
