0 0.9543273846153846 0.5600955673076918 0.09134523076923096 0.17307676923076903
1 0.8882215384615386 0.6935073990384617 0.05528615384615365 0.09375142788461455
2 0.9387027692307692 0.0949517499999999 0.02644184615384615 0.14182629326923074
0 0.9507199999999999 0.016826108173076795 0.06009599999999993 0.03365221634615359
1 0.8894227692307692 0.022837733173076913 0.07211323076923082 0.045675466346153826
1 0.963940923076923 0.4278851538461539 0.07211815384615394 0.01923175961538487
1 0.8161033846153847 0.4026463028846156 0.11297969230769234 0.08413554807692292
0 0.9110596923076921 0.3689884567307689 0.08653784615384608 0.15144217307692287
0 0.935094153846154 0.22716216346153845 0.06730830769230778 0.13221041346153803
0 0.25600984615384614 0.7031232788461536 0.1947126153846154 0.08413554807692347
0 0.07572061538461537 0.6706713846153844 0.15144123076923074 0.05769074519230777
1 0.10216369230769227 0.518027793269231 0.12740430769230762 0.23317488461538388
0 0.10576738461538464 0.20432614903846186 0.18750030769230774 0.1538450096153842
1 0.6935089230769231 0.22115507211538454 0.08413538461538483 0.01923175961538484
0 0.5528861538461538 0.22836358173076915 0.18750030769230747 0.06250095192307725
