3 0.03365292307692295 0.9158660817307693 0.0673058461538459 0.08173271153846151
1 0.06490461538461535 0.30048150961538467 0.1298092307692307 0.09134405769230769
1 0.003606153846153695 0.9771625336538461 0.00721230769230739 0.045674932692307824
1 0.7403864615384618 0.018030341346153844 0.16827076923076967 0.026440269230769232
1 0.8064886153846155 0.08653838461538463 0.11297969230769289 0.067306625
1 0.5637021538461537 0.05288507211538461 0.06971076923076891 0.05288507211538461
1 0.509617230769231 0.9375006778846153 0.09615261538461528 0.06250095192307714
1 0.6237981538461537 0.6213961971153845 0.05048123076923072 0.05528790865384614
2 0.8509636923076923 0.1334118317307692 0.21153969230769243 0.05048223557692308
2 0.9627421538461538 0.2584137355769231 0.02644184615384615 0.18028981249999998
2 0.5961550769230771 0.7812482980769231 0.04326892307692276 0.04326919230769222
3 0.7163470769230768 0.6165859903846154 0.5192320000000001 0.5264433509615383
0 0.6899052307692306 0.7608151201923077 0.2932676923076919 0.3052871826923078
5 0.8966350769230769 0.36298246153846153 0.09615261538461528 0.10095993749999999
0 0.673078153846154 0.07211683173076923 0.1634609230769235 0.13942345673076922
0 0.9651446153846153 0.14663649999999998 0.06971076923076958 0.09134405769230768
