2 0.049277538461538484 0.5444707884615387 0.09855507692307697 0.031250475961538626
2 0.002403692307692423 0.49759734134615385 0.004807384615384846 0.10577014423076908
0 0.20071876923076923 0.5829343076923077 0.22355692307692282 0.09855710096153825
0 0.08653784615384608 0.4002416586538462 0.06730830769230724 0.16105805288461555
0 0.2511999999999999 0.4447122692307693 0.26202092307692315 0.0625009519230767
2 0.43028676923076914 0.25720941346153836 0.1105772307692311 0.12500190384615395
2 0.13100923076923093 0.12379758173076919 0.26201846153846187 0.016828923076923075
1 0.4278843076923079 0.12139474519230777 0.052883692307692465 0.07451966826923076
1 0.5637021538461537 0.47836558173076926 0.08413538461538483 0.12980757692307665
0 0.01081723076923069 0.17067102884615382 0.02163446153846138 0.10095993749999996
0 0.3233181538461539 0.14302934134615375 0.14663384615384595 0.09375142788461548
0 0.568512 0.4014430769230769 0.33413415384615397 0.1730767692307691
4 0.05048000000000003 0.9639432139423078 0.10096000000000006 0.0721135721153845
0 0.003604923076923027 0.8112989855769233 0.007209846153846054 0.1899056923076925
1 0.036057846153846315 0.6141847836538462 0.07211569230769263 0.17067393269230746
0 0.8353378461538461 0.060096663461538476 0.1274043076923076 0.12019332692307695
0 0.9711544615384616 0.06610488822115382 0.057691076923076734 0.13220977644230764
2 0.9326916923076922 0.021636225961538427 0.08173292307692304 0.04326919230769227
0 0.9074510769230768 0.25360515865384614 0.09375015384615348 0.12740474038461516
0 0.8221144615384617 0.3689911826923077 0.10096246153846145 0.10336730769230801
1 0.9687495384615386 0.2644224567307693 0.0625009230769229 0.03846351923076943
1 0.7920689230769229 0.27043408173076916 0.13701907692307735 0.06009811538461565
1 0.9843753846153848 0.6442293076923077 0.031249230769230474 0.06730662500000029
1 0.9278867692307693 0.5877399807692308 0.028844307692307947 0.18028981250000015
1 0.7343753846153848 0.7067302596153847 0.15144369230769206 0.038463519230769405
0 0.8701932307692306 0.7067302596153847 0.20672984615384626 0.08173271153846184
