0 0.7439901538461539 0.6490395144230768 0.1081747692307693 0.12019169711538424
0 0.9927901538461539 0.9338935192307692 0.014419692307692356 0.09855710096153802
1 0.6514412307692308 0.9519244975961536 0.12019199999999997 0.09615100480769267
3 0.09976123076923075 0.6550466057692308 0.12740430769230765 0.38701989423076943
0 0.2608196923076923 0.27043408173076927 0.1033649230769231 0.07451966826923073
1 0.1274043076923077 0.31250185576923073 0.16827076923076925 0.12500190384615395
0 0.7175483076923077 0.07932697115384624 0.16105846153846148 0.12500190384615384
1 0.7067323076923077 0.008413009615384662 0.1057673846153846 0.016826019230769325
0 0.5865403076923077 0.030048739182692276 0.13461661538461545 0.06009747836538455
0 0.4483150769230769 0.00480875480769229 0.14182892307692313 0.00961750961538458
