5 0.13581784615384618 0.05288362019230767 0.16586338461538475 0.09615426442307681
5 0.2716356923076923 0.025239258413461547 0.14903630769230766 0.050478516826923094
0 0.2235569230769231 0.09014572115384617 0.15865600000000002 0.17547960576923075
0 0.28125046153846145 0.22115471634615377 0.21634461538461544 0.15384500961538466
5 0.3786043076923076 0.7692326634615384 0.20432738461538452 0.08653838461538466
1 0.23437292307692315 0.8112959038461539 0.0985600000000002 0.05048223557692322
1 0.4194707692307691 0.843747798076923 0.07932553846153867 0.1057701442307688
0 0.6718769230769231 0.27644262500000005 0.1274043076923077 0.08173271153846157
0 0.8605784615384615 0.23918052403846146 0.23076923076923073 0.0745196682692306
1 0.8233156923076925 0.3569693846153845 0.16105846153846182 0.1466364999999999
3 0.996393846153846 0.11057622475961537 0.007212307692307962 0.22115244951923074
0 0.8774055384615386 0.0024043774038461107 0.12019199999999963 0.004808754807692221
1 0.6225969230769233 0.019229900240384623 0.13461661538461556 0.038459800480769246
3 0.9951913846153845 0.7584153653846153 0.009617230769231044 0.286059956730769
1 0.9483163076923078 0.9026444951923077 0.10336738461538453 0.07932534134615365
