0 0.9699520000000001 0.11658648677884614 0.060095999999999816 0.2331729735576923
0 0.9939901538461539 0.0937517836538463 0.012019692307692287 0.17788244230769287
3 0.9891815384615383 0.5528839759615382 0.02163692307692322 0.1634608894230764
1 0.9435089230769229 0.5228349182692305 0.11298215384615418 0.05528790865384592
1 0.10937476923076926 0.5516825576923075 0.21874953846153852 0.30048150961538495
3 0.22235815384615382 0.5925489134615383 0.06971076923076899 0.4831741586538467
0 0.1057686153846153 0.21394348076923053 0.2115372307692306 0.1971142019230766
2 0.18629661538461526 0.06370254807692313 0.3485587692307698 0.12740509615384626
0 0.4014399999999998 0.3533669374999999 0.27403815384615354 0.11538602403846182
1 0.43389292307692306 0.8798070288461539 0.38221292307692284 0.24038594230769228
1 0.3137009230769229 0.6394223605769236 0.12740430769230762 0.048074865384615584
1 0.33413661538461525 0.542066677884615 0.13942153846153793 0.06970946153846191
