3 0.18870153846153861 0.06730721033653818 0.37740307692307723 0.13461442067307636
3 0.08654030769230796 0.05168423918269237 0.13942153846153799 0.10336847836538474
3 0.13101046153846158 0.027645673076922988 0.11778953846153792 0.055291346153845976
2 0.04086400000000022 0.03004737620192307 0.02403938461538447 0.06009475240384614
1 0.021633230769230714 0.02523943629807672 0.04326646153846143 0.05047887259615344
3 0.8689895384615385 0.03726041947115387 0.15624861538461554 0.07452083894230774
0 0.1814916923076923 0.18269155288461564 0.09375015384615346 0.06730662499999943
3 0.3725956923076924 0.33413372596153856 0.3605760000000001 0.11538602403846182
3 0.7884627692307694 0.31370054807692327 0.35577107692307663 0.10336730769230718
0 0.6899027692307692 0.49399036057692314 0.16827076923076967 0.24759643749999988
2 0.7067298461538463 0.34014535096153836 0.07211323076923071 0.06970946153846136
1 0.7079310769230771 0.6249993557692308 0.08413538461538483 0.07692250480769214
0 0.8930301538461538 0.7379825432692309 0.2139396923076924 0.024037432692307514
