0 0.6670695384615386 0.16706532211538472 0.2043273846153847 0.2235590048076923
2 0.7716356923076924 0.23317506249999992 0.2451938461538461 0.06250095192307673
0 0.9423076923076923 0.20072316826923087 0.11538461538461542 0.08413554807692292
1 0.8846141538461538 0.038460207932692385 0.23077169230769234 0.07692041586538477
1 0.6574498461538462 0.10216153365384623 0.13220923076923086 0.050482235576922926
1 0.6730756923076924 0.0600982932692307 0.12019199999999997 0.05288507211538483
1 0.7151433846153845 0.03245198317307677 0.06971076923076913 0.06490396634615354
1 0.6947126153846153 0.5564925865384616 0.17307569230769226 0.021634596153845997
0 0.5588947692307693 0.5372608269230769 0.1514436923076924 0.21394312499999962
1 0.28605661538461535 0.21154046634615384 0.5721132307692307 0.10577014423076886
0 0.04206646153846156 0.8100961153846153 0.08413292307692312 0.11057581730769206
0 0.05889230769230769 0.6165861682692308 0.09375015384615386 0.14182629326923069
0 0.010817230769230793 0.7992788173076922 0.021634461538461585 0.3293291490384611
1 0.008414769230769208 0.6850942115384617 0.016829538461538417 0.12980757692307698
