0 0.0552873846153846 0.700723168269231 0.1105747692307692 0.08413554807692292
1 0.0024036923076922864 0.5372577451923077 0.004807384615384573 0.07932534134615404
2 0.8882190769230769 0.15264522115384632 0.1274043076923076 0.11297865384615385
2 0.9831729230769229 0.05048078365384619 0.03365415384615411 0.10096156730769237
0 0.9338941538461538 0.2800499615384614 0.13221169230769247 0.0985571009615383
0 0.7499987692307694 0.23317198076923087 0.17307569230769215 0.07692250480769197
0 0.4471163076923078 0.23317198076923093 0.17307569230769215 0.12980757692307693
0 0.8149046153846153 0.698315798076923 0.28365292307692325 0.15144217307692287
1 0.8040886153846154 0.7692312115384614 0.26202092307692315 0.11538602403846154
1 0.5492800000000001 0.435096389423077 0.27163569230769236 0.3125002259615387
1 0.4903852307692309 0.13581629807692297 0.07211323076923076 0.09375142788461546
1 0.9807692307692308 0.4939885528846155 0.038461538461538436 0.03605614903846127
1 0.35336615384615383 0.9615392439903847 0.15865600000000002 0.07692151201923059
