1 0.03605907692307671 0.2824511682692308 0.07211815384615342 0.0456720288461539
0 0.2872590769230772 0.08413554807692308 0.07932553846153867 0.1634608894230769
0 0.18389415384615404 0.23076751442307697 0.09855999999999965 0.1923085288461539
1 0.16706707692307696 0.28966421153846156 0.2764406153846153 0.2620179903846154
3 0.36177969230769236 0.4182703701923076 0.21394215384615423 0.35096374519230766
0 0.40865230769230776 0.48918125 0.17307569230769215 0.10336730769230768
2 0.22836430769230767 0.8016829278846154 0.45672861538461534 0.39663414423076937
3 0.07091446153846175 0.9879798317307692 0.08413538461538486 0.024040336538461604
2 0.4314904615384614 0.5444691586538462 0.04086646153846102 0.050482235576922996
0 0.4975975384615382 0.5781270048076923 0.12980676923076934 0.06490378846153844
0 0.6250018461538465 0.5637009182692307 0.11538707692307726 0.06490378846153844
0 0.9579347692307695 0.7463935673076922 0.06971076923076902 0.18028981249999998
0 0.8798055384615384 0.5156260528846154 0.07692307692307687 0.21394312499999996
5 0.956731076923077 0.4651438173076923 0.08653784615384608 0.08894122115384606
2 0.8076923076923077 0.5721153798076923 0.24999876923076902 0.038463519230769294
2 0.9963950769230769 0.6502393028846154 0.007209846153846011 0.031250475961538404
1 0.9531249230769232 0.34134786538461537 0.08413538461538483 0.16827109615384622
1 0.8521624615384613 0.3173058990384615 0.04567138461538445 0.15384500961538458
