0 0.5048073846153849 0.11658648677884614 0.1298067692307694 0.2331729735576923
0 0.5889427692307692 0.0937517836538463 0.20192492307692284 0.17788244230769287
3 0.6778830769230769 0.5528839759615382 0.39904000000000045 0.1634608894230764
3 0.5865403076923079 0.4170693076923079 0.13942153846153793 0.3725983413461538
3 0.6310104615384616 0.38461741346153855 0.11778953846153795 0.3413478653846149
2 0.5709144615384618 0.1286065144230767 0.06971076923076891 0.0937514278846145
2 0.6298092307692307 0.21274206249999986 0.05288369230769241 0.05048223557692266
1 0.7680295384615383 0.2632197644230769 0.28125046153846145 0.13702062019230854
2 0.5408640000000002 0.510816201923077 0.024039384615384463 0.09855710096153825
1 0.46514215384615365 0.5228349182692305 0.15624861538461565 0.05528790865384592
0 0.01922953846153829 0.3533669374999999 0.03845907692307658 0.11538602403846182
1 0.06249969230769226 0.8798070288461539 0.12499938461538453 0.24038594230769228
0 0.6814916923076924 0.6826915528846157 0.09375015384615348 0.0673066249999994
3 0.8461538461538461 0.8341337259615385 0.3076923076923077 0.11538602403846177
