0 0.10576984615384624 0.3425492836538462 0.21153969230769248 0.07451966826923079
1 0.2235569230769231 0.275238125 0.06730830769230778 0.09375142788461541
1 0.28004923076923083 0.25721231730769234 0.08894030769230782 0.05769074519230771
1 0.47476184615384587 0.2824511682692308 0.1947126153846151 0.0456720288461539
1 0.3016812307692306 0.3533665817307692 0.08894030769230782 0.04326919230769227
0 0.3750006153846155 0.4362961778846154 0.11057723076923054 0.21874879807692293
0 0.3485587692307692 0.2475964375 0.04807876923076948 0.18749832211538453
0 0.7872590769230772 0.08413554807692308 0.07932553846153867 0.1634608894230769
0 0.683894153846154 0.23076751442307697 0.09855999999999954 0.1923085288461539
1 0.667067076923077 0.28966421153846156 0.2764406153846153 0.2620179903846154
3 0.8617796923076924 0.4182703701923076 0.21394215384615434 0.35096374519230766
0 0.9086523076923078 0.48918125 0.17307569230769215 0.10336730769230768
2 0.7115372307692306 0.8016829278846154 0.49038276923076957 0.39663414423076937
3 0.5709144615384618 0.9879798317307692 0.08413538461538483 0.024040336538461604
2 0.9314904615384614 0.5444691586538462 0.04086646153846096 0.050482235576922996
0 0.9663470769230768 0.5781270048076923 0.0673058461538465 0.06490378846153844
