0 0.9495199999999999 0.9783652632211537 0.10096000000000005 0.043269473557692506
1 0.9170683076923076 0.9483183317307691 0.15144369230769206 0.07932534134615454
1 0.930288 0.7379794615384616 0.1394240000000001 0.05769074519230777
1 0.46874830769230774 0.8341350000000001 0.29326769230769234 0.33172999999999975
3 0.4903852307692307 0.4495212019230771 0.3028824615384615 0.46153956250000044
0 0.4591335384615384 0.3137020000000001 0.1682707692307691 0.13702062019230746
0 0.21874953846153838 0.16947287019230772 0.12500184615384613 0.2668281971153852
1 0.210336 0.302884701923077 0.08894030769230782 0.11538602403846124
1 0.6838966153846153 0.576921408653846 0.16586338461538475 0.03846351923076852
1 0.6754830769230771 0.5012003221153846 0.16346092307692317 0.07451966826923079
3 0.026441846153846156 0.6706728365384615 0.05288369230769231 0.24519360096153908
