2 0.897838769230769 0.027644858173076978 0.18028800000000011 0.055289716346153955
2 0.8906264615384617 0.3353380480769231 0.031251692307692425 0.15144217307692343
2 0.7475963076923078 0.32211337980769217 0.05288369230769241 0.09134405769230808
1 0.6394215384615385 0.17668283173076915 0.08653784615384663 0.11778886057692317
2 0.816105846153846 0.5048060288461537 0.13701907692307724 0.10095993750000026
2 0.9062523076923079 0.02764372475961543 0.15384615384615385 0.05528744951923086
0 0.9975963076923078 0.06971036538461534 0.004807384615384325 0.13942073076923067
0 0.9399015384615383 0.20793330769230778 0.12019199999999974 0.1370206201923069
0 0.8076923076923077 0.16586553365384632 0.08653784615384663 0.24038339423076904
3 0.9831716923076923 0.3317292596153846 0.03365661538461551 0.15865521634615426
0 0.7127409230769228 0.5649041442307693 0.09375015384615348 0.13942345673076934
0 0.6850978461538463 0.3305278413461539 0.057693538461538685 0.21874879807692227
0 0.5216369230769233 0.3293264230769227 0.20192492307692278 0.15384500961538422
2 0.641828923076923 0.3533638557692308 0.06249846153846106 0.03846351923076863
0 0.4807704615384617 0.671875706730769 0.12019199999999963 0.18990569230769194
1 0.635817846153846 0.7067304375 0.06971076923076891 0.1730767692307691
1 0.336539076923077 0.8161048365384618 0.20192492307692278 0.12259453365384643
1 0.4531273846153846 0.4338951490384614 0.24278646153846112 0.10817298076923104
0 0.17187692307692315 0.3569726442307693 0.08413538461538486 0.07451966826923129
0 0.2668283076923075 0.38822312019230787 0.1298067692307694 0.06009811538461535
0 0.008413538461538268 0.4759629230769231 0.016827076923076535 0.15865521634615476
0 0.05769107692307675 0.5072133990384617 0.07211323076923074 0.09134405769230747
1 0.0649033846153847 0.3269235865384616 0.024039384615384476 0.06250095192307725
0 0.049277538461538484 0.3822114951923075 0.09855507692307697 0.06250095192307725
0 0.13341292307692335 0.26682547115384625 0.22355692307692282 0.10577014423076966
2 0.6694720000000001 0.7499990444711537 0.4206720000000006 0.5000019110576926
2 0.8870203076923078 0.7439896862980768 0.22595938461538456 0.5120206274038461
3 0.4615409230769229 0.9819713774038459 0.19230523076923045 0.03605724519230824
