1 0.6442289230769231 0.8774028810096154 0.07211323076923082 0.24519423798076923
1 0.7475938461538463 0.8870187608173077 0.2644233846153844 0.22596247836538452
1 0.8233156923076923 0.8629801947115385 0.2091323076923075 0.27403961057692305
2 0.0396627692307692 0.7668267451923076 0.0793255384615384 0.44230780288461535
0 0.1670695384615385 0.44350922115384617 0.1995175384615385 0.20432724519230777
0 0.1754830769230769 0.23557772115384618 0.2355790769230768 0.1201916971153846
2 0.20913230769230765 0.3161044807692307 0.04326892307692304 0.09855710096153852
2 0.283652923076923 0.27884691346153845 0.2884627692307693 0.3461535384615384
2 0.2992787692307691 0.15624784615384615 0.09375015384615398 0.11538602403846153
2 0.39903999999999995 0.09975851923076923 0.08173292307692309 0.02644026923076921
0 0.3076923076923077 0.05168365384615385 0.10576738461538437 0.09855710096153847
1 0.4471138461538462 0.4807713221153846 0.06730830769230778 0.7067286298076922
