3 0.8569710769230772 0.7475982451923076 0.2860578461538458 0.18269264903846183
0 0.6766818461538461 0.8449539278846155 0.11778953846153795 0.2620179903846147
1 0.866585846153846 0.6466337740384618 0.26682830769230803 0.1778824423076929
1 0.5564898461538464 0.7728370961538464 0.33413415384615397 0.17547960576923038
1 0.4194707692307691 0.8894245384615386 0.08894030769230726 0.12019169711538447
0 0.5048073846153849 0.971153671875 0.1298067692307694 0.057692656249999974
3 0.25961353846153823 0.13701934615384614 0.29326769230769184 0.12019169711538452
0 0.163460923076923 0.015624600961538376 0.16827076923076972 0.03124920192307675
2 0.27764184615384613 0.06610570312500003 0.09375015384615343 0.13221140625000005
1 0.3209156923076921 0.06370173317307685 0.11297969230769284 0.1274034663461537
1 0.006011076923076786 0.12500062980769233 0.012022153846153572 0.13942345673076934
1 0.0012024615384615455 0.08293285576923076 0.002404923076923091 0.09375142788461532
3 0.012020923076922903 0.8581740624999997 0.024041846153845806 0.2307675144230774
