0 0.025879 0.198303 0.026367 0.034995
0 0.180176 0.168346 0.027344 0.015376
0 0.156494 0.078473 0.023926 0.043478
0 0.302979 0.138918 0.019043 0.065748
0 0.304443 0.275186 0.036621 0.030753
0 0.251465 0.241782 0.058594 0.015907
0 0.267578 0.286585 0.021484 0.034464
0 0.241699 0.305408 0.012695 0.036055
0 0.229736 0.312566 0.013184 0.040827
1 0.020752 0.204136 0.011230 0.015907
1 0.025635 0.218452 0.027832 0.020148
1 0.044678 0.222959 0.014160 0.024920
1 0.199463 0.176564 0.015137 0.010604
1 0.152344 0.113998 0.014648 0.031813
1 0.299805 0.181866 0.008789 0.026511
1 0.257568 0.292153 0.023926 0.006363
1 0.279541 0.288441 0.018066 0.005302
1 0.487061 0.172057 0.014160 0.005832
1 0.505371 0.161453 0.016602 0.009014
1 0.544434 0.148197 0.008789 0.011135
1 0.533691 0.147932 0.010742 0.010604
1 0.743896 0.073966 0.011230 0.006893
1 0.737549 0.044804 0.010254 0.005832
1 0.481689 0.077413 0.014160 0.010604
0 0.504395 0.073966 0.033203 0.016437
0 0.540283 0.135472 0.008301 0.022800
0 0.480713 0.152704 0.011230 0.040297
0 0.495361 0.142895 0.016113 0.034464
0 0.724121 0.086691 0.031250 0.025981
0 0.722168 0.036055 0.023438 0.021209
0 0.987061 0.274920 0.017090 0.013256
0 0.954102 0.231177 0.038086 0.027572
0 0.841064 0.346501 0.021973 0.051432
0 0.788330 0.456257 0.020996 0.014316
0 0.597412 0.478791 0.035645 0.022269
0 0.564209 0.362407 0.035645 0.018558
0 0.455322 0.436638 0.031738 0.016437
1 0.577148 0.351273 0.018555 0.012195
0 0.891357 0.319724 0.015137 0.009544
1 0.882812 0.339077 0.019531 0.036585
1 0.856201 0.366119 0.010254 0.006893
0 0.014160 0.495493 0.026367 0.030223
0 0.302246 0.452015 0.020508 0.020679
0 0.177979 0.611347 0.014160 0.025451
1 0.163818 0.642895 0.018066 0.040827
0 0.132080 0.656681 0.026855 0.016437
0 0.157959 0.668081 0.024902 0.019088
0 0.190674 0.679215 0.031738 0.014846
1 0.202148 0.667285 0.010742 0.022800
0 0.143555 0.729321 0.025391 0.011135
0 0.169678 0.730382 0.028809 0.012195
0 0.055420 0.757688 0.021973 0.028632
0 0.224121 0.769353 0.020508 0.011665
1 0.240967 0.776511 0.014160 0.007953
0 0.311523 0.811241 0.015625 0.022269
0 0.421875 0.666755 0.057617 0.036585
0 0.039307 0.550106 0.036621 0.010074
1 0.064209 0.547985 0.017090 0.011135
0 0.128174 0.902174 0.033691 0.042948
1 0.110107 0.917020 0.017090 0.007953
1 0.218262 0.908537 0.026367 0.020679
0 0.186279 0.889183 0.042480 0.030753
0 0.280273 0.870361 0.037109 0.022800
1 0.252686 0.858961 0.024902 0.011665
0 0.330811 0.863468 0.019043 0.033404
0 0.395264 0.913574 0.016113 0.016967
1 0.407471 0.924708 0.015137 0.010604
1 0.396729 0.925504 0.008301 0.013256
0 0.385498 0.932927 0.020020 0.009014
1 0.378662 0.930806 0.009277 0.007953
0 0.518799 0.871951 0.037598 0.017497
1 0.544678 0.886002 0.021973 0.042418
0 0.762939 0.853128 0.024902 0.034995
1 0.754150 0.880700 0.006348 0.026511
0 0.901855 0.725610 0.016602 0.014316
1 0.913086 0.724284 0.008789 0.007423
0 0.801270 0.723754 0.033203 0.051962
1 0.798340 0.747879 0.018555 0.012195
0 0.735840 0.672587 0.012695 0.023860
1 0.741455 0.658802 0.018066 0.011135
0 0.816406 0.665429 0.021484 0.058324
0 0.975342 0.705992 0.023926 0.020679
0 0.985596 0.721368 0.028809 0.018558
1 0.967041 0.689290 0.010254 0.019088
0 0.993164 0.892100 0.013672 0.012195
0 0.994873 0.927359 0.010254 0.020148
