1 0.9927889230769231 0.5504815985576923 0.014422153846153862 0.04326919230769233
1 0.879808 0.9134617932692308 0.06730830769230778 0.052885072115384846
1 0.8713944615384615 0.9807688960336538 0.12259692307692305 0.038462207932692394
1 0.6262030769230769 0.02644335096153846 0.0745181538461539 0.04326919230769234
1 0.5937501538461538 0.19471218028846154 0.08173046153846142 0.048077132211538504
1 0.8713944615384615 0.24879867067307684 0.08894276923076916 0.03605841586538455
1 0.6021636923076923 0.6562494759615385 0.02644184615384615 0.08173044471153834
1 0.3858166153846153 0.9783654927884614 0.040866461538461574 0.04326901442307718
1 0.19952 0.23798137259615376 0.08173046153846159 0.043269192307692245
1 0.2752393846153846 0.26923184855769233 0.02163446153846149 0.05288507211538454
0 0.28125046153846156 0.2283654927884616 0.028846769230769287 0.04326919230769227
0 0.6237981538461538 0.009615720552884621 0.021634461538461602 0.019231441105769242
0 0.6730781538461539 0.0036057956730769247 0.02884676923076923 0.007211591346153849
0 0.9302892307692308 0.22836549278846155 0.04326892307692298 0.048077132211538476
0 0.40504861538461534 0.9459136875 0.06009599999999998 0.06490378846153833
0 0.8124996923076923 0.17427900240384625 0.04807630769230764 0.012018716346153896
0 0.8521624615384615 0.5985587307692307 0.02644184615384615 0.0144238197115385
0 0.7644233846153847 0.901443076923077 0.043268923076923094 0.024037432692307847
