1 0.7728369230769232 0.020432859374999987 0.08413538461538494 0.040865718749999974
1 0.546875076923077 0.06730825480769233 0.05528861538461549 0.09615426442307683
1 0.28966400000000003 0.7091353629807693 0.06971076923076897 0.05769301201923094
1 0.3701932307692309 0.8774041923076924 0.028846769230769342 0.057693012019230716
0 0.23437538461538476 0.7307699591346155 0.060095999999999844 0.0336533124999997
1 0.16105846153846148 0.8485588197115383 0.038461538461538464 0.03365331249999981
0 0.38341415384615374 0.8882214903846155 0.02644184615384626 0.021634596153845997
1 0.6406252307692307 0.7800485096153845 0.02163446153846138 0.031250475961538626
1 0.9483175384615384 0.7920672259615384 0.02163446153846138 0.026442536057692645
0 0.9314904615384616 0.8004816875 0.02163446153846138 0.01923175961538459
0 0.9230769230769231 0.4531244639423078 0.07692307692307698 0.04567202884615407
0 0.44831753846153843 0.6418264711538462 0.02644184615384626 0.01923175961538426
0 0.2908652307692309 0.5048081177884614 0.024039384615384463 0.014423819711538166
0 0.11177846153846141 0.563702548076923 0.01682707692307707 0.012018716346153813
