1 0.03245169230769234 0.34134786538461537 0.06490338461538468 0.06730662499999995
1 0.9927876923076924 0.3942329375 0.014424615384615369 0.1153860240384616
0 0.8040886153846156 0.9639409471153846 0.07452061538461519 0.057690745192307546
0 0.16826830769230783 0.6766841057692308 0.014424615384615869 0.031250475961538404
0 0.18509538461538438 0.6766841057692308 0.028844307692307974 0.031250475961538404
0 0.18990523076923055 0.6658668076923078 0.019229538461538298 0.028847639423076887
0 0.1935089230769232 0.63581775 0.026441846153846232 0.012018716346153924
0 0.19110646153846142 0.6334149134615386 0.02163692307692272 0.012018716346153702
0 0.12259692307692333 0.6670682259615385 0.038459076923076596 0.031250475961538404
0 0.0048086153846155135 0.7115388365384616 0.009617230769231027 0.024037432692307514
0 0.03365292307692322 0.7247589711538461 0.06730584615384644 0.007213043269230779
0 0.006009846153846117 0.7379791057692309 0.012019692307692235 0.019231759615384703
1 0.16105599999999992 0.6165859903846155 0.03845907692307657 0.08894122115384628
0 0.19831876923076935 0.9375006778846153 0.016827076923076528 0.05288507211538451
