0 0.242788923076923 0.2968772548076923 0.062498461538461614 0.1033673076923077
0 0.8653858461538461 0.3341348221153846 0.062498461538461614 0.06730662500000001
0 0.8040886153846154 0.25360352884615384 0.04567138461538456 0.016828923076923047
1 0.947115076923077 0.34134786538461537 0.10576984615384599 0.06730662499999995
0 0.9879815384615385 0.7115388365384616 0.024036923076923178 0.024037432692307514
0 0.9819704615384617 0.7247589711538461 0.03605907692307675 0.007213043269230779
0 0.9903839999999999 0.7379791057692309 0.019232000000000138 0.019231759615384703
1 0.9387003076923078 0.6502393028846154 0.06971076923076924 0.14663649999999984
0 0.9170683076923076 0.7740397884615384 0.06490584615384609 0.01442155288461533
1 0.8689895384615385 0.6923070769230769 0.04086646153846163 0.18269264903846172
1 0.01682830769230775 0.6346163317307693 0.0336566153846155 0.28846279326923074
