1 0.1274043076923078 0.07451966826923077 0.06730830769230771 0.05769301201923078
0 0.08413538461538458 0.03725983413461538 0.038461538461538464 0.021634596153846147
1 0.973558153846154 0.24639501923076923 0.05288369230769219 0.06490378846153844
1 0.7980775384615386 0.911058141826923 0.06250092307692301 0.04807713221153864
1 0.7728369230769232 0.47235686057692305 0.02163446153846138 0.12259680048076915
1 0.7187495384615386 0.39663350721153845 0.04807630769230775 0.11538375721153837
1 0.12620307692307686 0.5264433509615385 0.07451815384615382 0.04326919230769233
1 0.09375015384615387 0.6947121802884615 0.08173046153846149 0.04807713221153842
1 0.3713944615384615 0.7487986706730769 0.08894276923076916 0.03605841586538461
0 0.12379815384615382 0.48918351682692307 0.021634461538461575 0.060095848557692344
0 0.17307815384615388 0.48557699519230774 0.028846769230769342 0.04326919230769233
0 0.43028923076923076 0.7283654927884615 0.04326892307692304 0.04807713221153853
0 0.05408738461538459 0.28485627163461535 0.016827076923076938 0.040866355769230756
0 0.31249969230769226 0.6742790024038463 0.04807630769230764 0.012018716346153924
0 0.7644233846153847 0.4651438173076923 0.028846769230769342 0.01682665625000007
0 0.9939907692307692 0.4591344591346154 0.012018461538461533 0.04326919230769233
0 0.9350966153846153 0.7692318485576923 0.02884676923076923 0.0144238197115385
0 0.7884627692307691 0.5624994999999999 0.033654153846153556 0.06250095192307692
0 0.8377403076923076 0.871393204326923 0.016827076923077056 0.02163459615384611
