1 0.2043273846153846 0.19831788701923075 0.08653784615384613 0.03605841586538461
1 0.6274043076923077 0.07451966826923077 0.06730830769230767 0.05769301201923078
0 0.5841353846153845 0.03725983413461538 0.038461538461538436 0.021634596153846147
1 0.6262030769230769 0.5264433509615385 0.0745181538461539 0.04326919230769233
1 0.5937501538461538 0.6947121802884615 0.08173046153846142 0.04807713221153842
1 0.8713944615384615 0.7487986706730769 0.08894276923076916 0.03605841586538461
1 0.10096246153846153 0.29086562980769237 0.04807630769230768 0.04326919230769227
1 0.19952 0.7379813725961537 0.08173046153846159 0.04326919230769233
1 0.2752393846153846 0.7692318485576923 0.02163446153846149 0.052885072115384624
0 0.28125046153846156 0.7283654927884616 0.028846769230769287 0.04326919230769222
0 0.09615261538461539 0.24519133413461539 0.01922953846153845 0.03365331249999998
0 0.6237981538461538 0.48918351682692307 0.021634461538461602 0.060095848557692344
0 0.6730781538461539 0.48557699519230774 0.02884676923076923 0.04326919230769233
0 0.9302892307692308 0.7283654927884615 0.04326892307692298 0.04807713221153853
0 0.5540873846153846 0.28485627163461535 0.016827076923076945 0.040866355769230756
0 0.8124996923076923 0.6742790024038463 0.04807630769230764 0.012018716346153924
