0 0.3449526153846153 0.04086467427884617 0.07932553846153872 0.08172934855769234
0 0.3509636923076923 0.11057472115384626 0.03365415384615417 0.10095993750000022
0 0.822116923076923 0.48557589903846166 0.028844307692308058 0.03846351923076918
0 0.27884553846153837 0.3894216346153844 0.014424615384615869 0.00961587980769274
0 0.6346166153846156 0.3653842019230766 0.024039384615384574 0.028847639423076443
1 0.25961600000000007 0.3689884567307689 0.10096246153846139 0.15144217307692287
0 0.21634707692307678 0.48797873557692273 0.009614769230769704 0.08653838461538482
0 0.46154092307692285 0.567308610576923 0.05769353846153863 0.1346132499999999
0 0.5180283076923079 0.6694699663461539 0.16105846153846176 0.1610580528846155
0 0.23197292307692297 0.6959147692307692 0.0312516923076924 0.09855710096153825
0 0.22235815384615382 0.6899031442307694 0.016827076923076528 0.009615879807692629
0 0.00841353846153854 0.48317306250000003 0.01682707692307708 0.01442155288461544
0 0.1802904615384614 0.6189922644230771 0.009614769230769676 0.02644026923076992
