1 0.9699520000000001 0.05168269831730781 0.060095999999999816 0.10336539663461562
0 0.5048073846153847 0.23557807692307703 0.03845907692307715 0.01923175961538484
0 0.010817230769230827 0.051684009615384566 0.021634461538461654 0.036056149038461605
0 0.016827076923076945 0.07812427884615403 0.014424615384615327 0.012018716346153507
0 0.002404923076923091 0.033653490384615466 0.004809846153846182 0.06730698076923093
1 0.004808615384615377 0.0757214423076924 0.009617230769230755 0.05528790865384645
0 0.18028799999999995 0.5084133653846153 0.062498461538461586 0.03125047596153835
0 0.17908676923076922 0.5168278269230766 0.06009600000000012 0.028847639423076443
1 0.10576738461538462 0.49038302403846146 0.09615261538461549 0.04326919230769183
1 0.536059076923077 0.6814901346153847 0.07211323076923071 0.08894122115384562
1 0.6298092307692307 0.917067855769231 0.08173292307692315 0.14663649999999961
1 0.3810116923076923 0.9459154951923081 0.17548307692307713 0.09855710096153836
0 0.2548086153846155 0.9014403509615383 0.08173292307692309 0.024037432692307514
0 0.20071876923076926 0.8834145432692307 0.0312516923076924 0.03125047596153885
1 0.013222153846153849 0.9831743365384616 0.026444307692307698 0.03365132692307671
