1 0.6670695384615384 0.9146632115384614 0.18509784615384617 0.1514421730769232
0 0.6670695384615384 0.8173075288461538 0.17067323076923058 0.057690745192307546
1 0.9146658461538462 0.6826942788461539 0.16586338461538475 0.057690745192307546
1 0.6358178461538462 0.23317343269230778 0.180288 0.16346088942307693
1 0.8125021538461539 0.10336585576923084 0.057693538461538685 0.12019169711538472
0 0.8052898461538462 0.16826964423076923 0.12500184615384635 0.057690745192307685
1 0.9014424615384614 0.26322249038461537 0.1298067692307694 0.06490378846153846
0 0.9795667692307692 0.23677768749999992 0.04086646153846152 0.06009811538461535
1 0.9002412307692308 0.3846156057692307 0.16105846153846182 0.14903933653846163
0 0.9002412307692308 0.3209132355769231 0.02644184615384626 0.0841355480769232
0 0.8569723076923078 0.372596889423077 0.04086646153846152 0.05288507211538457
0 0.8846153846153846 0.31610756249999994 0.062498461538461614 0.06009811538461535
0 0.990384 0.31249877403846155 0.019231999999999916 0.05769074519230766
0 0.9903864615384615 0.2920655961538462 0.019227076923076902 0.03125047596153846
0 0.9507224615384615 0.2259603894230769 0.05048123076923061 0.04807486538461553
0 0.9795667692307692 0.270431 0.04086646153846152 0.012018716346153924
1 0.9182695384615385 0.10216443749999997 0.07692307692307698 0.1418262932692308
