0 0.15624861538461532 0.06490269230769222 0.014424615384615341 0.02884763942307645
0 0.12740430769230762 0.02644198798076949 0.03845907692307711 0.05288397596153898
0 0.36177723076923074 0.200721894230769 0.036056615384615354 0.02163459615384622
0 0.3485587692307692 0.20672898557692293 0.014424615384615314 0.033653312500000254
0 0.3593747692307693 0.2800472355769233 0.031251692307692425 0.026440269230769475
0 0.3569723076923078 0.32331642788461545 0.03605661538461541 0.021634596153846164
0 0.15865600000000002 0.4194706923076921 0.08653784615384606 0.016828923076922908
0 0.15504738461538473 0.4519225865384614 0.06009599999999983 0.028847639423076443
0 0.07331938461538456 0.5192292115384614 0.036056615384615374 0.05288507211538457
0 0.24399261538461547 0.43509819711538467 0.026441846153846232 0.01442155288461594
1 0.10937599999999993 0.4663441394230768 0.0312516923076924 0.09134405769230802
1 0.19831630769230776 0.4314894086538461 0.11297969230769228 0.15144217307692281
1 0.25961353846153845 0.5048076586538462 0.10576738461538435 0.12019169711538452
0 0.60096 0.4975946153846152 0.10096246153846145 0.004805673076923256
