1 0.789664 0.20913536298076923 0.06971076923076902 0.05769301201923091
1 0.8701932307692308 0.3774041923076924 0.028846769230769342 0.057693012019230605
1 0.139424 0.4411065625 0.028846769230769342 0.05047996875000038
0 0.10216369230769227 0.47956781490384615 0.09375015384615373 0.03605841586538444
0 0.7343753846153847 0.23076995913461545 0.060095999999999816 0.0336533124999997
1 0.6610584615384616 0.34855881971153835 0.038461538461538436 0.0336533124999997
0 0.8834141538461537 0.3882214903846155 0.02644184615384626 0.021634596153845942
0 0.9483175384615384 0.1418264711538462 0.02644184615384626 0.019231759615384314
0 0.790865230769231 0.006010013822115267 0.024039384615384463 0.012020027644230534
0 0.6117784615384614 0.063702548076923 0.016827076923077056 0.012018716346153771
0 0.3581735384615384 0.03605859375000005 0.024039384615384463 0.043269192307692134
