1 0.2524036923076923 0.4326922788461539 0.2451938461538461 0.0673066249999994
0 0.32211446153846157 0.504809110576923 0.10576738461538465 0.10095993750000071
1 0.2740406153846154 0.703124730769231 0.09615261538461548 0.17547960576923038
0 0.25961599999999996 0.6117806730769231 0.05288369230769219 0.0937514278846151
0 0.24399015384615388 0.7439910865384614 0.0456713846153845 0.18509548557692312
1 0.3449526153846154 0.8233164278846157 0.16105846153846148 0.07932534134615454
0 0.3004824615384615 0.8064920384615386 0.04326892307692304 0.05528790865384592
1 0.4843741538461538 0.9651451286057693 0.13220923076923086 0.06970974278846143
0 0.22596184615384618 0.0685083990384616 0.028844307692307697 0.026440269230769455
0 0.6129796923076923 0.28365294230769267 0.03365415384615389 0.048074865384615695
