0 0.8449526153846152 0.04086467427884617 0.07932553846153867 0.08172934855769234
0 0.8509636923076923 0.11057472115384626 0.03365415384615411 0.10095993750000022
0 0.7788455384615384 0.3894216346153844 0.014424615384615924 0.00961587980769274
1 0.7596160000000001 0.3689884567307689 0.10096246153846145 0.15144217307692287
0 0.7163470769230769 0.48797873557692273 0.009614769230769649 0.08653838461538482
0 0.9615409230769228 0.567308610576923 0.057693538461538685 0.1346132499999999
0 0.9687495384615386 0.6694699663461539 0.0625009230769229 0.1610580528846155
0 0.731972923076923 0.6959147692307692 0.031251692307692425 0.09855710096153825
0 0.7223581538461539 0.6899031442307694 0.0168270769230765 0.009615879807692629
0 0.47956676923076946 0.5336552980769229 0.026441846153846205 0.028847639423076443
0 0.5048073846153849 0.48317306250000003 0.024039384615384463 0.01442155288461544
0 0.6802904615384614 0.6189922644230771 0.00961476923076976 0.02644026923076992
