0 0.0924388111888112 0.35861013986013984 0.03277972027972027 0.015297202797202814
0 0.20563811188811187 0.395541958041958 0.012674825174825183 0.02097902097902099
0 0.18050699300699302 0.8105332167832168 0.006993006993007006 0.01180069930069938
0 0.20454545454545453 0.8100961538461539 0.006993006993007006 0.01267482517482521
0 0.16127622377622378 0.8094405594405594 0.007867132867132864 0.010489510489510523
0 0.16914335664335664 0.7869318181818181 0.00874125874125875 0.009178321678321777
0 0.1553758741258741 0.7847465034965035 0.008304195804195807 0.011800699300699269
0 0.1402972027972028 0.808784965034965 0.006993006993007006 0.014423076923076983
0 0.2178758741258741 0.8094405594405594 0.009178321678321694 0.010489510489510523
0 0.18094405594405594 0.7864947552447552 0.00611888111888112 0.008304195804195835
0 0.1243444055944056 0.3013548951048951 0.02141608391608392 0.023164335664335622
0 0.26005244755244755 0.3798076923076923 0.014860139860139898 0.03321678321678323
0 0.6907779720279721 0.5233828671328671 0.017045454545454475 0.025786713286713225
0 0.6663024475524475 0.784965034965035 0.008304195804195724 0.013111888111888126
0 0.6540646853146853 0.7843094405594406 0.00393356643356646 0.0126748251748251
0 0.43094405594405594 0.7836538461538461 0.007867132867132864 0.013111888111888126
0 0.44798951048951047 0.784965034965035 0.00874125874125875 0.011363636363636354
0 0.4211101398601399 0.7834353146853147 0.007430069930069949 0.01180069930069938
0 0.4226398601398601 0.8116258741258742 0.007867132867132864 0.010489510489510523
0 0.43902972027972026 0.8122814685314685 0.006555944055944063 0.010052447552447497
0 0.44143356643356646 0.8118444055944056 0.007867132867132864 0.008304195804195835
0 0.46634615384615385 0.8118444055944056 0.006993006993006978 0.010052447552447608
0 0.46000874125874125 0.8120629370629371 0.005681818181818177 0.011363636363636354
0 0.4431818181818182 0.7845279720279721 0.00874125874125875 0.011363636363636354
0 0.45236013986013984 0.8125 0.00874125874125875 0.010489510489510412
0 0.8277972027972028 0.6055506993006994 0.013986013986013957 0.011800699300699269
0 0.48382867132867136 0.20083041958041958 0.026223776223776196 0.007430069930069949
0 0.7773164335664335 0.5085227272727273 0.018793706293706247 0.05113636363636359
0 0.8146853146853147 0.5836975524475525 0.013986013986013957 0.0301573426573426
0 0.10445804195804195 0.8103146853146853 0.007867132867132864 0.013111888111888126
0 0.08697552447552448 0.8116258741258742 0.006993006993006992 0.010489510489510523
0 0.048295454545454544 0.787368881118881 0.007430069930069928 0.011800699300699269
0 0.1173513986013986 0.7836538461538463 0.00917832167832168 0.011363636363636354
0 0.11035839160839161 0.7834353146853147 0.00917832167832168 0.010926573426573327
0 0.07451923076923077 0.8105332167832168 0.005681818181818177 0.009178321678321666
0 0.04785839160839161 0.794798951048951 0.017045454545454544 0.01180069930069938
0 0.12303321678321678 0.8098776223776224 0.007430069930069921 0.00874125874125875
0 0.13155594405594406 0.808784965034965 0.009615384615384609 0.010052447552447608
0 0.6684877622377623 0.32648601398601396 0.02141608391608385 0.026223776223776196
0 0.0819493006993007 0.055944055944055944 0.014423076923076927 0.013111888111888112
0 0.39051573426573427 0.32080419580419584 0.015297202797202814 0.011363636363636409
0 0.8238636363636364 0.45585664335664333 0.004370629370629375 0.0052447552447552614
0 0.16127622377622378 0.4215472027972028 0.02972027972027974 0.024912587412587395
0 0.1791958041958042 0.475743006993007 0.02972027972027974 0.024912587412587395
0 0.14423076923076922 0.46678321678321677 0.03583916083916086 0.02447552447552448
0 0.25611888111888115 0.47618006993006995 0.008741258741258695 0.009178321678321666
0 0.2646416083916084 0.43028846153846156 0.024912587412587395 0.031031468531468487
0 0.5625 0.06796328671328672 0.022727272727272707 0.04589160839160839
0 0.3299825174825175 0.8103146853146853 0.007867132867132864 0.013111888111888126
0 0.4036276223776224 0.8081293706293706 0.00830419580419578 0.010489510489510412
0 0.3715034965034965 0.8116258741258742 0.006993006993006978 0.013111888111888126
0 0.354458041958042 0.8111888111888113 0.006993006993007034 0.009615384615384692
0 0.3420017482517482 0.8092220279720279 0.010052447552447552 0.010926573426573438
0 0.8612325174825175 0.3758741258741259 0.02840909090909094 0.013986013986013957
0 0.8382867132867133 0.3942307692307693 0.012237762237762184 0.023601398601398593
0 0.8402534965034965 0.38636363636363635 0.017919580419580416 0.037587412587412605
0 0.2958916083916084 0.7102272727272727 0.047202797202797186 0.013111888111888126
0 0.4040646853146853 0.7504370629370629 0.01267482517482521 0.012237762237762295
0 0.8129370629370629 0.19973776223776224 0.014860139860139898 0.011363636363636354
0 0.8175262237762237 0.2250874125874126 0.013548951048951041 0.022727272727272735
0 0.22945804195804195 0.8100961538461539 0.007867132867132864 0.013548951048951041
0 0.26573426573426573 0.8079108391608392 0.007867132867132864 0.009178321678321666
0 0.30594405594405594 0.8111888111888113 0.005244755244755206 0.012237762237762184
0 0.24191433566433568 0.8118444055944056 0.0056818181818182045 0.009178321678321666
0 0.30791083916083917 0.7860576923076923 0.008304195804195835 0.005681818181818121
0 0.2414772727272727 0.8046328671328671 0.007430069930069921 0.005244755244755317
0 0.5002185314685315 0.5128933566433567 0.030157342657342656 0.025786713286713336
0 0.5045891608391608 0.534965034965035 0.018793706293706247 0.02534965034965031
0 0.36713286713286714 0.5607517482517482 0.03146853146853146 0.013986013986013957
0 0.3463723776223776 0.5638111888111887 0.012674825174825155 0.011363636363636354
0 0.4862325174825175 0.6142919580419581 0.03452797202797209 0.024912587412587395
0 0.8865821678321678 0.740166083916084 0.017045454545454586 0.010052447552447608
0 0.6842220279720279 0.7845279720279721 0.007430069930069894 0.013111888111888015
0 0.857736013986014 0.07211538461538461 0.01267482517482521 0.027097902097902096
0 0.8592657342657343 0.09462412587412587 0.027972027972027913 0.016171328671328672
0 0.2875874125874126 0.0472027972027972 0.019230769230769218 0.010489510489510488
0 0.29567307692307687 0.06818181818181818 0.03452797202797203 0.020979020979020976
