0 0.15624861538461532 0.5649026923076923 0.014424615384615341 0.028847639423076443
0 0.12740430769230762 0.5180292451923081 0.03845907692307711 0.0697094615384618
0 0.1394215384615385 0.47476005288461537 0.04807876923076948 0.01201871634615348
0 0.1899027692307692 0.4627413365384616 0.024039384615384463 0.007213043269230279
0 0.36177723076923074 0.700721894230769 0.036056615384615354 0.02163459615384622
0 0.3485587692307692 0.706728985576923 0.014424615384615314 0.033653312500000254
0 0.3593747692307693 0.7800472355769232 0.031251692307692425 0.026440269230769364
0 0.3569723076923078 0.8233164278846155 0.03605661538461541 0.02163459615384622
0 0.15865600000000002 0.9194706923076921 0.08653784615384606 0.016828923076922964
0 0.15504738461538473 0.9519225865384615 0.06009599999999983 0.028847639423076443
0 0.07331938461538456 0.9963933377403845 0.036056615384615374 0.007213324519230957
0 0.24399261538461547 0.9350981971153847 0.026441846153846232 0.014421552884615885
1 0.3185083076923077 0.4423081586538461 0.228366769230769 0.07692250480769208
1 0.10937599999999993 0.9603360552884614 0.0312516923076924 0.07932788942307722
1 0.19831630769230776 0.9278841610576923 0.11297969230769228 0.14423167788461533
1 0.25961353846153845 0.972355905048077 0.10576738461538435 0.055288189903845986
0 0.60096 0.9975946153846151 0.10096246153846145 0.004805673076923256
