0 0.6682683076923078 0.17668410576923074 0.014424615384615924 0.03125047596153835
0 0.6850953846153844 0.17668410576923074 0.028844307692308058 0.03125047596153835
0 0.6899052307692306 0.16586680769230772 0.019229538461538298 0.02884763942307686
0 0.6935089230769231 0.13581775000000004 0.02644184615384615 0.012018716346153924
0 0.6911064615384614 0.1334149134615385 0.021636923076922665 0.012018716346153785
0 0.6225969230769233 0.16706822596153847 0.038459076923076485 0.03125047596153835
0 0.492790153846154 0.21153883653846156 0.03365415384615417 0.024037432692307542
0 0.5156233846153849 0.22475897115384613 0.10336492307692319 0.007213043269230807
0 0.4963938461538461 0.23797910576923081 0.03125169230769248 0.01923175961538473
1 0.43870030769230783 0.1502393028846154 0.0697107692307693 0.1466364999999999
0 0.4170683076923076 0.2740397884615384 0.06490584615384598 0.014421552884615274
1 0.36898953846153837 0.19230707692307691 0.040866461538461574 0.18269264903846164
1 0.6610559999999999 0.11658599038461548 0.038459076923076596 0.0889412211538463
0 0.6983187692307693 0.4375006778846154 0.01682707692307661 0.0528850721153844
0 0.6706707692307691 0.9975961189903846 0.1298067692307694 0.004807762019230832
