0 0.9555298461538461 0.19230598076923072 0.031251692307692425 0.0336533124999997
0 0.8930264615384615 0.1370180721153848 0.036056615384615354 0.04326919230769241
0 0.8617796923076924 0.2103363221153846 0.04086646153846152 0.031250475961538904
0 0.9903839999999999 0.18509747115384612 0.019232000000000138 0.0384635192307686
1 0.9483175384615384 0.14302969711538438 0.06971076923076902 0.06970946153846186
1 0.8930264615384615 0.23076950000000013 0.10336492307692313 0.038463519230769155
0 0.16706953846153844 0.13101098076923087 0.08894030769230755 0.05048223557692266
0 0.19110399999999994 0.09254746153846118 0.016827076923076806 0.0072130432692302515
0 0.11658830769230774 0.1814886826923076 0.021636923076922998 0.05528790865384592
0 0.07452061538461544 0.1225965192307694 0.09615261538461549 0.06730662499999943
1 0.013222153846153849 0.04927954326923065 0.026444307692307698 0.0985590865384613
