1 0.8233181538461538 0.17908694230769237 0.08413538461538483 0.03125047596153835
1 0.7728369230769232 0.49759652644230773 0.08413538461538494 0.08653838461538454
1 0.546875076923077 0.5673082548076923 0.05528861538461549 0.09615426442307684
1 0.31129846153846163 0.4651446322115385 0.03124923076923053 0.06971172836538464
0 0.8365390769230769 0.44471145432692305 0.057693538461538574 0.02403743269230757
1 0.40985599999999994 0.28004914663461544 0.0456738461538464 0.04567202884615379
0 0.19471261538461537 0.3653838461538461 0.038461538461538464 0.019231759615384703
0 0.5192295384615386 0.08894203605769235 0.024039384615384463 0.01442381971153843
0 0.9146633846153845 0.2007215384615385 0.08894276923076916 0.050479968749999965
0 0.8954338461538462 0.4579315889423077 0.0456738461538464 0.026442536057692423
0 0.8605759999999998 0.42307685817307683 0.038461538461538436 0.04326919230769227
0 0.9230769230769231 0.9531244639423078 0.07692307692307698 0.045672028846153956
0 0.2908652307692309 0.9987981039663462 0.024039384615384463 0.002403792067307675
