0 0.992788923076923 0.7355780769230771 0.014422153846153973 0.019231759615384925
0 0.5096147692307693 0.5516840096153846 0.024039384615384685 0.03605614903846166
0 0.516827076923077 0.578124278846154 0.014424615384615258 0.01201871634615359
0 0.4879827692307692 0.5252392067307692 0.03365415384615389 0.08413554807692347
0 0.30648861538461536 0.40624892788461536 0.08894030769230754 0.16827109615384583
0 0.3293267692307692 0.34495392788461554 0.03845907692307682 0.04086635576923109
1 0.43630030769230765 0.5757214423076924 0.14663384615384611 0.055287908653846474
1 0.27404061538461544 0.5276420432692311 0.12500184615384616 0.09375142788461505
1 0.1490387692307693 0.4807685961538459 0.12980676923076928 0.07211683173076888
1 0.37740553846153846 0.2740385144230768 0.06249846153846156 0.11057581730769184
1 0.20913476923076924 0.8064889567307694 0.12019199999999994 0.05048223557692266
1 0.33052799999999993 0.8100977451923077 0.12259446153846143 0.043269192307691884
0 0.6802879999999999 0.9963940637019231 0.062498461538461614 0.0072118725961538566
1 0.6057673846153846 0.9843742139423077 0.0961526153846155 0.03125157211538443
