0 0.6322116923076924 0.2704311778846155 0.024039384615384685 0.08413554807692317
0 0.009614769230769232 0.18148995673076934 0.014424615384615385 0.012018716346153785
1 0.070912 0.2463937451923078 0.10817476923076923 0.13221041346153856
0 0.3100947692307693 0.48317288461538455 0.05769353846153852 0.03846351923076857
0 0.09976123076923077 0.49278876442307695 0.016827076923076903 0.00961587980769213
1 0.19230523076923078 0.4963930192307693 0.17307569230769232 0.036056149038462104
0 0.3894252307692308 0.453123826923077 0.07211323076923071 0.012018716346153813
0 0.420672 0.4987958557692309 0.04807876923076926 0.11297865384615369
0 0.43629784615384615 0.6093762067307692 0.03605661538461541 0.026440269230769475
0 0.9855778461538461 0.9915857163461537 0.028844307692307725 0.016828567307692555
0 0.8064886153846154 0.9062489278846153 0.08894030769230754 0.16827109615384572
0 0.8293267692307692 0.8449539278846155 0.03845907692307682 0.04086635576923103
1 0.7740406153846153 0.9903831646634618 0.12500184615384613 0.019233670673076464
1 0.6490387692307693 0.9723550901442307 0.1298067692307694 0.05528981971153857
1 0.8774055384615385 0.7740385144230768 0.062498461538461614 0.11057581730769184
