0 0.594952 0.883413 0.064904 0.112981
0 0.090144 0.209135 0.132212 0.096154
0 0.292067 0.037260 0.050481 0.069712
0 0.396635 0.072115 0.173077 0.139423
0 0.205529 0.314904 0.122596 0.158654
0 0.271635 0.307692 0.129808 0.105769
0 0.168269 0.463942 0.081731 0.052885
0 0.274038 0.493990 0.168269 0.088942
0 0.501202 0.504808 0.141827 0.072115
0 0.427885 0.493990 0.182692 0.069712
0 0.683894 0.474760 0.151442 0.060096
0 0.799279 0.409856 0.122596 0.088942
0 0.900240 0.337740 0.108173 0.093750
0 0.953125 0.375000 0.074519 0.125000
