1 0.09615507692307683 0.0673068028846153 0.08173046153846178 0.10577014423076883
1 0.05288369230769219 0.2848564495192307 0.06250092307692294 0.050479968750000104
1 0.3064910769230768 0.13942363461538457 0.02644184615384626 0.06730662499999995
1 0.28725907692307695 0.15745170913461526 0.026441846153846205 0.04567202884615404
2 0.2704320000000001 0.13822221634615361 0.03124923076923053 0.02163459615384619
2 0.11538461538461539 0.24759661538461533 0.08653784615384608 0.05288507211538457
2 0.04086646153846155 0.01322135697115388 0.038461538461538464 0.02644271394230776
1 0.8209132307692308 0.27043262980769234 0.060095999999999816 0.08894122115384642
1 0.8269218461538462 0.16105823076923076 0.1298067692307694 0.04326919230769241
2 0.8269218461538463 0.12259697836538472 0.08653784615384608 0.0625009519230767
2 0.8437489230769231 0.21995266105769234 0.024039384615384574 0.040866355769230506
2 0.8822104615384616 0.5649047812500001 0.043268923076923316 0.05769301201923094
1 0.9278843076923077 0.5432701850961539 0.06730830769230778 0.02884537259615394
