0 0.008413538461538472 0.0793256971153847 0.016827076923076945 0.06730662499999995
1 0.010815999999999954 0.03846143028846154 0.021631999999999908 0.07692286057692307
0 0.10336492307692302 0.48798018749999983 0.10096246153846167 0.05288507211538507
1 0.18629907692307685 0.5204320817307688 0.06971076923076927 0.036056149038462215
4 0.5336516923076923 0.6778858798076923 0.07692307692307687 0.10095993750000021
3 0.9675483076923077 0.05288411658653849 0.0649033846153847 0.10576823317307699
0 0.010816000000000022 0.9807680997596151 0.021632000000000044 0.038463800480769805
0 0.3798055384615384 0.945915495192308 0.18269046153846186 0.10336730769230718
1 0.24399261538461547 0.8942318413461536 0.12259446153846143 0.05288507211538451
0 0.6286080000000001 0.9146650192307694 0.09375015384615393 0.15144217307692287
