1 0.013220923076923078 0.15865294951923076 0.026441846153846156 0.08653838461538461
1 0.08894276923076923 0.18149123076923074 0.028846769230769176 0.09374916105769229
3 0.0540873846153846 0.19471136538461536 0.06490338461538456 0.02403743269230771
3 0.18750030769230774 0.15504869471153845 0.009614769230769149 0.026442536057692312
3 0.2079335384615385 0.1514421730769231 0.026441846153846232 0.02884537259615383
1 0.24038400000000004 0.1598566346153846 0.12499938461538451 0.045672028846153845
1 0.1478375384615384 0.1213931153846154 0.10336492307692316 0.05047996875000002
1 0.5528836923076923 0.2499992740384615 0.07211569230769233 0.12019169711538466
2 0.5564898461538461 0.3269240456730769 0.021634461538461713 0.09134632451923075
2 0.0024036923076922864 0.45673162259615385 0.004807384615384573 0.03365331250000003
1 0.8209132307692308 0.5937499759615384 0.06971076923076902 0.038461252403846125
1 0.8918276923076922 0.5865391995192308 0.07692307692307698 0.024037432692307625
3 0.8509612307692307 0.5697125432692308 0.043268923076923316 0.01923175961538459
1 0.9447113846153847 0.713941673076923 0.043268923076923205 0.038461252403846125
2 0.9387027692307692 0.7163467764423077 0.016827076923077056 0.028845372596153718
1 0.3978363076923077 0.9038450985576922 0.09855753846153859 0.04807713221153864
1 0.472356923076923 0.8245197572115384 0.05528861538461527 0.04807713221153853
2 0.49879876923076927 0.799278639423077 0.016827076923076778 0.016826656249999905
2 0.49399138461538455 0.8593744879807692 0.021634461538461713 0.03125047596153829
1 0.5396627692307692 0.8822105024038461 0.07451815384615379 0.04326919230769222
1 0.54928 0.9639418323317308 0.06009600000000015 0.0721163353365385
3 0.5673083076923076 0.9194703365384616 0.01922953846153852 0.04086635576923092
2 0.6009624615384614 0.9230768581730769 0.06250092307692323 0.024037432692307625
