1 0.24158769230769242 0.016827471153846172 0.07451815384615385 0.03365331250000005
1 0.0949513846153846 0.2271640745192307 0.050481230769230695 0.09374916105769224
1 0.13101046153846158 0.25721086538461546 0.07451815384615383 0.03846125240384604
1 0.28725907692307695 0.6033644038461539 0.05048123076923067 0.052885072115384624
2 0.2584123076923076 0.5721161947115385 0.02644184615384626 0.019231759615384703
1 0.5817304615384615 0.637019983173077 0.0721156923076921 0.02884537259615405
2 0.5444701538461539 0.6033644038461539 0.031249230769230474 0.052885072115384624
1 0.6430276923076922 0.7968743509615385 0.036056615384615354 0.045672028846153845
2 0.6322116923076921 0.7716355000000001 0.028846769230769342 0.028845372596154273
2 0.04086646153846155 0.990385342548077 0.038461538461538464 0.01922931490384605
