4 0.8413464615384614 0.9062505576923079 0.15865600000000002 0.16827109615384583
0 0.7367803076923078 0.9399038701923077 0.1081747692307693 0.05769074519230777
0 0.325723076923077 0.8353351442307695 0.16586338461538422 0.14663649999999961
0 0.21033600000000027 0.8329323076923076 0.08413538461538489 0.10336730769230729
0 0.20553107692307676 0.9266837355769229 0.1322092307692311 0.0649037884615381
2 0.21754830769230765 0.8990375144230771 0.02163692307692272 0.04326919230769244
0 0.8545649230769231 0.13461360576923062 0.15624861538461565 0.15865521634615476
1 0.9591335384615385 0.036056326923076816 0.08173292307692315 0.07211265384615363
1 0.8593747692307693 0.031249520432692017 0.1418289230769234 0.062499040865384034
0 0.39543384615384597 0.016826834134615335 0.1466338461538459 0.03365366826923067
