1 0.54928 0.009614994591346114 0.06009600000000015 0.01922998918269223
2 0.6646646153846154 0.1766826538461539 0.016827076923076834 0.026442536057692395
2 0.6382203076923076 0.15504805769230767 0.02644184615384626 0.012018716346153646
1 0.6610584615384616 0.14903869951923077 0.028846769230769342 0.06250095192307684
1 0.14543261538461544 0.21634532451923072 0.07451815384615383 0.048077132211538615
1 0.14423138461538457 0.332932766826923 0.02403938461538474 0.06971172836538464
2 0.12620307692307686 0.3750005408653846 0.03124923076923078 0.033653312499999755
1 0.8762018461538461 0.4014430769230769 0.060095999999999816 0.02884537259615394
5 0.9038449230769232 0.4182697331730769 0.028846769230769342 0.028845372596154217
1 0.8149046153846153 0.5288455504807692 0.08173046153846175 0.03365331249999992
2 0.7463950769230769 0.5204333557692308 0.0649033846153847 0.026442536057692534
2 0.8088935384615386 0.8533644927884615 0.06971076923076902 0.024037432692307847
1 0.7596160000000001 0.8810107139423076 0.04807630769230764 0.05528790865384592
1 0.0949513846153846 0.6382222163461537 0.03605661538461537 0.10336504086538445
