0 0.6670695384615384 0.917066048076923 0.18509784615384617 0.1514421730769232
1 0.6670695384615384 0.8197103653846154 0.17067323076923058 0.057690745192307546
0 0.9146658461538462 0.6826942788461539 0.16586338461538475 0.057690745192307546
0 0.6370190769230769 0.23557626923076924 0.18269046153846147 0.1634608894230769
0 0.8125021538461539 0.10576869230769237 0.057693538461538685 0.12019169711538465
1 0.8100947692307692 0.16586680769230772 0.12500184615384646 0.05769074519230766
0 0.9026436923076924 0.26322249038461537 0.13220923076923052 0.06490378846153846
2 0.9807680000000001 0.23918052403846154 0.03846399999999983 0.06009811538461535
0 0.9014424615384615 0.38701844230769233 0.15865600000000002 0.14903933653846163
2 0.9026436923076924 0.3233160721153847 0.02644184615384615 0.0841355480769232
1 0.8569723076923078 0.372596889423077 0.04086646153846152 0.05288507211538457
1 0.887017846153846 0.31610756249999994 0.0624984615384615 0.06009811538461535
