0 0.7223556923076924 0.7235591826923078 0.18509784615384606 0.07692250480769214
0 0.32692430769230774 0.7103345144230768 0.07211323076923071 0.14663650000000017
0 0.29807507692307694 0.7091330961538462 0.03845907692307682 0.07211683173076933
1 0.26562707692307685 0.7343764807692308 0.04567138461538453 0.05528790865384592
1 0.27884553846153853 0.8016831057692306 0.0673083076923078 0.07451966826923095
0 0.9254818461538461 0.5144217307692307 0.08653784615384608 0.12980757692307698
0 0.8593747692307693 0.4134617932692308 0.07452061538461519 0.08653838461538454
1 0.9459138461538461 0.32331915384615373 0.10817230769230768 0.10817298076923071
1 0.9963938461538462 0.3641809759615383 0.007212307692307629 0.1418262932692304
5 0.22235815384615382 0.09494994230769238 0.2235569230769231 0.10817298076923074
2 0.08293169230769226 0.204328875 0.07452061538461537 0.18269264903846177
0 0.028845538461538478 0.2584153653846153 0.057691076923076956 0.16105805288461542
