1 0.8209132307692308 0.09374997596153845 0.06971076923076902 0.038461252403846055
1 0.8918276923076922 0.08653919951923078 0.07692307692307698 0.024037432692307625
3 0.8509612307692307 0.06971254326923079 0.043268923076923316 0.01923175961538464
1 0.9447113846153847 0.21394167307692302 0.043268923076923205 0.03846125240384604
2 0.9387027692307692 0.21634677644230768 0.016827076923077056 0.028845372596153773
1 0.3978363076923077 0.4038450985576923 0.09855753846153859 0.04807713221153864
1 0.472356923076923 0.32451975721153836 0.05528861538461527 0.04807713221153853
2 0.49879876923076927 0.299278639423077 0.016827076923076778 0.016826656250000016
2 0.49399138461538455 0.3593744879807692 0.021634461538461713 0.03125047596153835
1 0.5396627692307692 0.38221050240384613 0.07451815384615379 0.04326919230769227
1 0.54928 0.4735568269230769 0.06009600000000015 0.09134632451923075
3 0.5673083076923076 0.4194703365384615 0.01922953846153852 0.04086635576923092
2 0.6009624615384614 0.42307685817307694 0.06250092307692323 0.02403743269230757
2 0.6646646153846154 0.6766826538461539 0.016827076923076834 0.026442536057692423
2 0.6382203076923076 0.6550480576923077 0.02644184615384626 0.01201871634615359
1 0.6610584615384616 0.6490386995192308 0.028846769230769342 0.06250095192307681
1 0.14543261538461544 0.7163453245192308 0.07451815384615383 0.04807713221153864
1 0.14423138461538457 0.8329327668269231 0.02403938461538474 0.06971172836538464
2 0.12620307692307686 0.8750005408653847 0.03124923076923078 0.0336533124999997
1 0.8762018461538461 0.9014430769230769 0.060095999999999816 0.02884537259615394
5 0.9038449230769232 0.9182697331730769 0.028846769230769342 0.028845372596154162
