2 0.8064886153846154 0.0036055661057690603 0.08894030769230754 0.007211132211538121
0 0.65024 0.0072120877403844584 0.13220923076923086 0.014424175480768917
0 0.7776443076923076 0.03605859375000019 0.12259446153846154 0.07211718750000037
0 0.9302892307692308 0.0793256971153847 0.13942153846153837 0.06730662499999995
1 0.9843741538461539 0.03846143028846154 0.031251692307692314 0.07692286057692307
0 0.7067323076923075 0.30648895673076926 0.12500184615384613 0.05048223557692261
0 0.8353378461538461 0.31129916346153846 0.14182892307692296 0.05528790865384592
0 0.2728369230769231 0.43509511538461554 0.10817476923076921 0.12980757692307665
0 0.6310104615384616 0.9963944711538464 0.16586338461538475 0.007211057692307232
0 0.9062498461538462 0.9807680997596151 0.18750030769230774 0.038463800480769805
