1 0.5961550769230768 0.0673068028846153 0.08173046153846175 0.10577014423076883
1 0.5528836923076922 0.2848564495192307 0.0625009230769229 0.050479968750000104
1 0.31490461538461534 0.028845550480769252 0.08173046153846175 0.033653312499999984
1 0.8064910769230769 0.13942363461538457 0.02644184615384615 0.06730662499999995
1 0.787259076923077 0.15745170913461526 0.02644184615384626 0.04567202884615404
2 0.7704320000000001 0.13822221634615361 0.031249230769230474 0.02163459615384619
2 0.6153846153846154 0.24759661538461533 0.08653784615384608 0.05288507211538457
2 0.246395076923077 0.020433355769230735 0.06490338461538472 0.02644253605769255
2 0.5408664615384615 0.01322135697115388 0.038461538461538436 0.02644271394230776
2 0.30889353846153855 0.3533644927884615 0.06971076923076897 0.024037432692307792
1 0.25961600000000007 0.3810107139423077 0.04807630769230761 0.05528790865384586
