1 0.11658584615384626 0.1105758173076923 0.07932800000000001 0.07211456490384613
2 0.07331692307692295 0.05408649038461538 0.02644184615384622 0.055287908653846154
1 0.09134523076923064 0.40745080528846145 0.04807630769230761 0.026442536057692256
2 0.11658584615384626 0.41947178846153843 0.02644184615384622 0.016826656250000016
1 0.24158769230769242 0.5168274711538462 0.07451815384615385 0.03365331250000003
1 0.0949513846153846 0.7271640745192307 0.050481230769230695 0.09374916105769227
1 0.13101046153846158 0.7572108653846155 0.07451815384615383 0.038461252403846125
1 0.7764430769230769 0.22355673798076925 0.08173046153846175 0.03846125240384615
2 0.7307692307692308 0.2512029591346154 0.043268923076923316 0.08413554807692306
1 0.712740923076923 0.4314905048076923 0.060095999999999816 0.03605841586538461
1 0.7235569230769232 0.40024002884615384 0.024039384615384463 0.040866355769230756
