0 0.7343729230769231 0.025240888221153803 0.1274043076923076 0.050481776442307606
4 0.8533636923076922 0.025239754807692256 0.09134769230769224 0.05047950961538451
1 0.947115076923077 0.0060091286057689566 0.10576984615384621 0.012018257211537913
1 0.8750006153846155 0.10576741826923042 0.04807876923076948 0.12019169711538451
1 0.7415852307692309 0.11298046153846121 0.02163692307692311 0.1250019038461534
1 0.6754830769230771 0.10216316346153839 0.05769353846153835 0.12740474038461586
1 0.3533661538461538 0.5108176538461541 0.08173292307692309 0.33413482211538464
1 0.21874953846153838 0.8233178798076926 0.1346166153846153 0.02644026923077003
1 0.04927876923076925 0.8257207163461536 0.0985575384615385 0.04086635576923103
0 0.1586535384615384 0.7764444326923075 0.13461661538461536 0.1394234567307694
