1 0.026441846153846225 0.44711510576923064 0.05288369230769245 0.1730767692307691
1 0.1610559999999999 0.4891828798076924 0.10576738461538436 0.2668281971153847
0 0.21995076923076912 0.43509638942307705 0.18509784615384625 0.1874983221153848
2 0.5264418461538463 0.37019260096153855 0.6298092307692307 0.10577014423076914
2 0.3641821538461538 0.21995184615384605 0.35336369230769216 0.18028981249999984
3 0.28245415384615397 0.16226110096153853 0.34374892307692306 0.16105805288461555
1 0.0576935384615385 0.09855873076923082 0.115387076923077 0.08653838461538468
2 0.04567261538461532 0.18870137019230773 0.09134523076923064 0.17067393269230774
1 0.1442289230769231 0.03125015745192309 0.07211323076923075 0.06250031490384618
1 0.24759384615384625 0.03125015745192309 0.2644233846153844 0.06250031490384618
1 0.3233156923076923 0.06850885817307692 0.20913230769230753 0.13701771634615384
2 0.691104 0.1562494759615385 0.23317169230769252 0.0673066250000001
0 0.5913476923076922 0.12499900000000007 0.16827076923076922 0.22115163461538473
0 0.8605759999999998 0.18509711538461543 0.12019200000000019 0.16346088942307693
0 0.8762018461538461 0.3461551682692307 0.07932553846153867 0.17788244230769235
1 0.8437489230769231 0.02403824759615384 0.3125021538461539 0.04807649519230768
