2 0.22836430769230767 0.05048078365384619 0.45672861538461534 0.10096156730769237
0 0.012018461538461568 0.2800499615384614 0.024036923076923136 0.0985571009615383
3 0.07091446153846175 0.17067248076923078 0.08413538461538486 0.34134496153846156
1 0.0228369230769232 0.4939885528846155 0.0456738461538464 0.03605614903846127
0 0.1262006153846154 0.43509638942307705 0.17067323076923036 0.17788244230769262
0 0.2572135384615383 0.43509638942307705 0.06730830769230722 0.07211683173076916
2 0.3293267692307691 0.45071936057692324 0.06730830769230722 0.04086635576923048
2 0.5468726153846154 0.5444707884615387 0.10336492307692313 0.031250475961538626
1 0.3665846153846153 0.6177890384615385 0.20432738461538452 0.13461325000000024
2 0.4134621538461539 0.49759734134615385 0.18269046153846186 0.10577014423076908
0 0.7007187692307693 0.5829343076923077 0.22355692307692276 0.09855710096153825
0 0.586537846153846 0.4002416586538462 0.06730830769230722 0.16105805288461555
0 0.7511999999999999 0.4447122692307693 0.26202092307692315 0.0625009519230767
2 0.930286769230769 0.25720941346153836 0.1105772307692311 0.12500190384615395
2 0.6310080000000002 0.12379758173076919 0.2620209230769232 0.016828923076923075
1 0.927884307692308 0.12139474519230777 0.05288369230769241 0.07451966826923076
0 0.3978363076923077 0.17067102884615382 0.24759630769230728 0.10095993749999996
0 0.8233181538461539 0.14302934134615375 0.1466338461538459 0.09375142788461548
0 0.9507224615384615 0.4014430769230769 0.09855507692307697 0.1730767692307691
4 0.5276430769230771 0.9639432139423078 0.1466338461538459 0.0721135721153845
4 0.3281255384615382 0.9038444615384614 0.15144369230769206 0.09134405769230813
0 0.4122609230769231 0.9507208125000001 0.08413538461538489 0.09855837499999986
0 0.4687483076923076 0.8112989855769233 0.07692307692307687 0.1899056923076925
1 0.5324529230769233 0.6141847836538462 0.07932553846153872 0.17067393269230746
0 0.15023999999999987 0.8822098653846152 0.11297969230769284 0.22115163461538478
0 0.08413292307692298 0.9939900048076923 0.12500184615384588 0.012019990384615431
