2 0.10697107692307711 0.8713954711538461 0.016827076923076542 0.08413554807692303
2 0.12139569230769244 0.8737983076923077 0.026441846153846232 0.06490378846153833
0 0.08774153846153829 0.9483171610576924 0.13220923076923113 0.10336567788461537
0 0.17187692307692315 0.8197118173076923 0.1562486153846156 0.08653838461538454
5 0.06490461538461535 0.2271632596153846 0.1298092307692307 0.08413554807692308
0 0.18509538461538438 0.3581722548076923 0.14423138461538415 0.1826926490384615
5 0.3353378461538461 0.5468765288461539 0.10336492307692319 0.2716338701923078
0 0.2391803076923077 0.6887028221153846 0.06490584615384654 0.16586372596153842
1 0.2199507692307694 0.967548920673077 0.10336492307692313 0.06490215865384619
1 0.054086153846154 0.7800468798076923 0.108172307692308 0.09855710096153847
0 0.3906239999999998 0.06970946153846154 0.06009600000000037 0.13461325
