0 0.1670695384615385 0.6670653221153847 0.2043273846153847 0.2235590048076923
2 0.2716356923076923 0.7331750625 0.24519384615384607 0.0625009519230767
0 0.4975950769230769 0.700723168269231 0.22595938461538462 0.08413554807692292
1 0.38701784615384605 0.5372577451923077 0.23557907692307695 0.07932534134615404
1 0.15744984615384622 0.6021615336538462 0.13220923076923086 0.050482235576922885
1 0.17307569230769226 0.5600982932692307 0.12019199999999995 0.052885072115384846
1 0.21514338461538451 0.5228361923076921 0.0697107692307691 0.08413554807692297
0 0.06730830769230771 0.9651446322115386 0.13461661538461542 0.06971073557692287
1 0.03605661538461537 0.7115404663461539 0.07211323076923074 0.1057701442307688
0 0.9302892307692309 0.23317198076923093 0.13942153846153826 0.12980757692307693
1 0.956731076923077 0.435096389423077 0.08653784615384608 0.3125002259615387
1 0.9771643076923078 0.13581629807692297 0.04567138461538456 0.09375142788461546
1 0.8533661538461539 0.9615392439903847 0.15865600000000002 0.07692151201923059
