5 0.13581784615384618 0.5528836201923076 0.16586338461538475 0.09615426442307684
5 0.2716356923076923 0.48918124999999996 0.14903630769230766 0.1225945336538462
1 0.050482461538461504 0.4194717884615385 0.10096492307692301 0.1418262932692308
0 0.2235569230769231 0.5901457211538461 0.15865600000000002 0.17547960576923083
0 0.28125046153846145 0.7211547163461538 0.21634461538461544 0.1538450096153846
0 0.6718769230769231 0.776442625 0.1274043076923077 0.08173271153846151
0 0.8605784615384615 0.7391805240384615 0.23076923076923073 0.07451966826923062
1 0.8233156923076925 0.8569693846153845 0.16105846153846182 0.14663649999999995
3 0.996393846153846 0.585335514423077 0.007212307692307962 0.27163387019230767
3 0.8437489230769231 0.28124975 0.3125021538461539 0.4375021298076923
0 0.8774055384615386 0.4639423990384615 0.12019199999999963 0.08173271153846151
2 0.8533661538461541 0.36658671634615386 0.038459076923076596 0.14663650000000006
1 0.6225969230769233 0.5108158461538461 0.13461661538461556 0.05528790865384625
1 0.7668283076923075 0.31370164423076924 0.1442313846153842 0.031250475961538515
