0 0.9975963076923076 0.8858157500000001 0.00480738461538488 0.18028981250000042
1 0.971153230769231 0.959134955528846 0.05769353846153813 0.08173008894230804
1 0.4819692307692307 0.8545652740384613 0.05048123076923067 0.10336730769230729
1 0.3786043076923076 0.9314923125000003 0.0985600000000002 0.04086635576923103
2 0.39783876923076933 0.8449539278846154 0.05048123076923072 0.0937514278846151
3 0.388219076923077 0.659853908653846 0.07932553846153872 0.3004815096153849
3 0.17788553846153846 0.6802870865384617 0.3557710769230769 0.1250019038461534
1 0.15744984615384622 0.7127389807692308 0.07452061538461516 0.06009811538461529
1 0.09134769230769224 0.6826944567307689 0.05769353846153864 0.06730662499999995
2 0.17067323076923066 0.5805285673076922 0.2740381538461541 0.18990569230769144
2 0.07331938461538456 0.5624982259615383 0.07932553846153867 0.12019169711538402
2 0.0036061538461538314 0.5781257307692305 0.007212307692307663 0.05528790865384592
0 0.024038153846153803 0.5180276153846156 0.048076307692307606 0.1225945336538467
0 0.014422153846153854 0.3713956490384615 0.028844307692307707 0.18509548557692257
1 0.48798030769230794 0.7067318894230767 0.16346092307692328 0.06250095192307781
1 0.4555273846153845 0.6466337740384618 0.12259446153846143 0.11538602403846232
