1 0.28726153846153846 0.016826745192307733 0.13220923076923075 0.033653490384615466
1 0.5060086153846154 0.016826745192307594 0.09375015384615398 0.03365349038461519
1 0.6610559999999999 0.06129848918269236 0.10576738461538437 0.12259697836538472
0 0.7199507692307692 0.014422775240384694 0.18509784615384628 0.028845550480769387
0 0.9098547692307692 0.9783651742788462 0.1802904615384614 0.043269651442307766
1 0.8064886153846155 0.9675490096153847 0.06490584615384609 0.0649019807692306
2 0.9038473846153845 0.9495186682692308 0.024039384615384463 0.10096266346153837
1 0.8449526153846153 0.7740399663461537 0.0985600000000002 0.12500190384615373
1 0.8545673846153847 0.870194230769231 0.09375015384615404 0.04326919230769222
0 0.9374990769230769 0.8713956490384616 0.12500184615384613 0.18509548557692257
0 0.23437292307692315 0.9879810540865384 0.12740430769230762 0.024037891826923174
4 0.3533636923076922 0.9819705625000001 0.09134769230769224 0.03605887499999971
1 0.4543261538461539 0.9591334146634616 0.12019200000000019 0.08173317067307684
