3 0.9567310769230768 0.6802870865384617 0.0865378461538463 0.1250019038461534
0 0.862980923076923 0.6911043846153846 0.08653784615384608 0.10817298076923043
2 0.8749981538461539 0.6105776249999999 0.03845907692307704 0.07692250480769214
2 0.9699519999999999 0.5781257307692305 0.06009600000000015 0.05528790865384592
0 0.9098547692307692 0.5180276153846156 0.1802904615384614 0.1225945336538467
1 0.8064886153846155 0.48918450961538473 0.06490584615384609 0.10817298076923049
2 0.9038473846153845 0.45432524519230755 0.024039384615384463 0.11057581730769184
1 0.8449526153846153 0.27403996634615374 0.0985600000000002 0.1250019038461537
1 0.8545673846153847 0.37019423076923097 0.09375015384615404 0.043269192307692106
0 0.9374990769230769 0.3713956490384615 0.12500184615384613 0.18509548557692257
0 0.23437292307692315 0.5132219423076922 0.12740430769230762 0.07451966826923073
4 0.3533636923076922 0.5072103173076924 0.09134769230769224 0.08653838461538427
1 0.4543261538461539 0.46514254326923055 0.12019200000000019 0.09375142788461482
1 0.3750006153846155 0.6057674182692304 0.04807876923076948 0.12019169711538447
1 0.24158523076923089 0.6129804615384612 0.021636923076923137 0.1250019038461534
1 0.17548307692307696 0.6021631634615384 0.05769353846153835 0.1274047403846159
