0 0.14182892307692296 0.6718769807692306 0.07211323076923074 0.1658637259615382
0 0.0973538461538461 0.47716561538461544 0.10336492307692315 0.1658637259615383
0 0.6610559999999999 0.7247575192307691 0.17788553846153832 0.045672028846153956
0 0.573316923076923 0.7800499615384615 0.07452061538461519 0.07451966826923073
1 0.7439901538461539 0.7800499615384615 0.2956750769230774 0.045672028846153956
0 0.5661046153846157 0.6153831201923077 0.09375015384615348 0.1442291298076922
0 0.45913599999999977 0.5168260192307693 0.08173292307692304 0.13942345673076906
2 0.6045686153846154 0.45913527403846155 0.09375015384615337 0.19230852884615396
0 0.7151458461538459 0.3942314855769231 0.13701907692307724 0.1442291298076922
0 0.5973563076923074 0.29447296634615383 0.11778953846153795 0.09375142788461549
1 0.431488 0.31730898076923075 0.19951753846153836 0.10095993749999982
1 0.5853341538461538 0.19350849519230764 0.040866461538461074 0.13221041346153856
1 0.040866461538461546 0.3425478317307693 0.04807876923076894 0.1322104134615386
1 0.049278769230769424 0.6682681923076921 0.09855753846153885 0.07692250480769225
