0 0.048076307692307606 0.03125083173076904 0.09615261538461521 0.05769074519230836
0 0.9254818461538461 0.027645265625000255 0.1490363076923077 0.05529053125000051
1 0.8629784615384614 0.15024111057692288 0.1634609230769235 0.2572123173076925
0 0.6850978461538462 0.5925489134615383 0.1250018461538459 0.20432724519230794
0 0.674276923076923 0.917067855769231 0.21394215384615423 0.06490378846153866
0 0.7872615384615386 0.9218735288461537 0.2524061538461535 0.14182629326923069
0 0.1935089230769232 0.5264437067307692 0.1466338461538459 0.07211683173076888
0 0.04927753846153848 0.6911060144230772 0.07452061538461516 0.3100973894230771
0 0.0625009230769232 0.9182692740384615 0.1250018461538464 0.07692250480769214
2 0.006011076923076786 0.7656256826923082 0.012022153846153572 0.3004815096153849
1 0.006008615384615177 0.8052906201923075 0.012017230769230353 0.03846351923076918
1 0.006009846153846117 0.776442980769231 0.012019692307692235 0.043269192307691884
1 0.00600861538461545 0.7379794615384616 0.0120172307692309 0.0336533124999997
