0 0.564905846153846 0.014422775240384694 0.13942153846153799 0.028845550480769387
1 0.7091323076923075 0.14182647115384633 0.10576738461538482 0.038463519230769405
1 0.5516824615384616 0.05048241346153855 0.12740430769230765 0.08653838461538454
2 0.6201920000000003 0.05889234134615397 0.03365415384615422 0.06970946153846132
1 0.6887015384615383 0.0564895048076922 0.07932553846153867 0.07932534134615374
0 0.6310080000000002 0.15384518749999998 0.06009600000000037 0.1394234567307694
0 0.6430301538461538 0.28966438942307693 0.06490584615384654 0.1370206201923077
2 0.8317304615384615 0.21033451442307682 0.33653907692307705 0.16105805288461558
0 0.8185083076923076 0.7199534759615385 0.2187520000000004 0.1514421730769232
1 0.19711753846153848 0.9459121466346154 0.12019199999999969 0.10817570673076915
1 0.20432492307692324 0.8942316634615383 0.18269046153846186 0.11057581730769206
0 0.30168369230769254 0.8689907752403845 0.10817476923076935 0.26201844951923114
0 0.4230769230769231 0.7872601009615385 0.15865600000000002 0.11297865384615424
0 0.3161033846153846 0.9915875757211539 0.1466338461538459 0.016824848557692396
