1 0.026441846153846225 0.930288360576923 0.05288369230769245 0.1394232788461539
1 0.1610559999999999 0.927884390625 0.10576738461538436 0.14423121875
0 0.21995076923076912 0.9206736141826923 0.18509784615384625 0.15865277163461533
2 0.5264418461538463 0.8701926009615386 0.6298092307692307 0.10577014423076914
2 0.3641821538461538 0.7199518461538461 0.35336369230769216 0.18028981249999987
3 0.28245415384615397 0.6622611009615385 0.34374892307692306 0.1610580528846156
1 0.0576935384615385 0.5985587307692308 0.115387076923077 0.08653838461538466
2 0.04567261538461532 0.6887013701923077 0.09134523076923064 0.17067393269230768
1 0.1442289230769231 0.40865303846153844 0.07211323076923075 0.3076945528846155
1 0.24759384615384625 0.41826891826923085 0.2644233846153844 0.2884627932692308
1 0.3233156923076923 0.4314890528846154 0.20913230769230753 0.41105732692307695
2 0.691104 0.6562494759615385 0.23317169230769252 0.06730662500000006
0 0.5913476923076922 0.6249990000000001 0.16827076923076922 0.22115163461538478
0 0.8605759999999998 0.6850971153846154 0.12019200000000019 0.1634608894230769
0 0.8762018461538461 0.8461551682692308 0.07932553846153867 0.17788244230769223
1 0.8437489230769231 0.41826891826923085 0.3125021538461539 0.2596151538461538
