0 0.7091347692307692 0.17668428365384622 0.062498461538461614 0.16105805288461555
0 0.6310104615384616 0.277644221153846 0.13220923076923086 0.1466364999999999
0 0.530048 0.5985589086538461 0.09375015384615382 0.1730767692307691
2 0.5817304615384615 0.42307476923076937 0.12500184615384613 0.20192440865384637
1 0.6514412307692308 0.05168301682692308 0.12019199999999997 0.10336603365384615
2 0.6742793846153846 0.2019231346153846 0.07452061538461541 0.08653838461538454
1 0.03365415384615385 0.985576358173077 0.03365415384615384 0.028847283653846034
4 0.2944689230769231 0.7331721586538462 0.05048123076923072 0.08653838461538477
1 0.20192492307692306 0.5997603269230767 0.13942153846153846 0.18028981250000042
1 0.23798153846153847 0.9927894014423078 0.0769230769230769 0.014421197115384476
