0 0.09254769230769232 0.9531240048076927 0.18509538461538463 0.08894122115384562
0 0.25961600000000007 0.8846159615384617 0.19230523076923098 0.05769074519230777
0 0.3377403076923076 0.8004804134615382 0.21875199999999986 0.08653838461538477
2 0.2944713846153846 0.9519227271634615 0.10817476923076932 0.09615454567307702
2 0.1478363076923076 0.9242787728365385 0.2956726153846152 0.15144245432692294
0 0.5817329230769231 0.7932673701923074 0.24999876923076908 0.09134405769230758
2 0.39543384615384625 0.6754785096153848 0.05048123076923072 0.1586552163461531
3 0.48317292307692317 0.44110674038461517 0.2548086153846152 0.3100973894230777
0 0.6971150769230768 0.20552901923076933 0.24038399999999993 0.07932534134615402
2 0.7007187692307693 0.28966456730769224 0.2091323076923075 0.10336730769230718
1 0.8798067692307694 0.5516825576923075 0.24038646153846122 0.30048150961538495
0 0.9843753846153848 0.21394348076923053 0.031249230769230474 0.1971142019230766
1 0.9326941538461537 0.05889460817307679 0.07692307692307665 0.11778921634615358
