0 0.1814916923076923 0.1310106249999999 0.1514436923076924 0.2620179903846152
2 0.07692553846153849 0.1478350144230769 0.1538461538461539 0.06490378846153846
1 0.14903876923076925 0.31009448557692304 0.12500184615384613 0.1346132500000002
0 0.3149021538461539 0.7367793173076922 0.11538707692307704 0.21394312499999957
1 0.2343753846153846 0.5853371442307692 0.0985599999999999 0.0889412211538465
1 0.41826707692307685 0.8762027740384615 0.10576738461538465 0.08413554807692292
1 0.7872615384615385 0.43389497115384623 0.13220923076923063 0.19951703846153857
1 0.9795667692307692 0.44711510576923064 0.04086646153846152 0.1730767692307691
1 0.9855778461538461 0.09855873076923082 0.028844307692307725 0.08653838461538468
2 0.9098547692307691 0.18870137019230773 0.18029046153846173 0.17067393269230774
1 0.3149021538461539 0.26442245673076925 0.23076923076923075 0.10095993749999993
2 0.2824541538461538 0.20913454807692305 0.08894030769230754 0.038463519230769544
1 0.33653907692307683 0.08894285096153845 0.07211323076923076 0.09615426442307695
2 0.33894153846153846 0.0841340961538461 0.18750030769230772 0.1682681923076922
