0 0.7151433846153845 0.11418242788461537 0.35336369230769227 0.22836485576923074
0 0.7776418461538461 0.32331770192307674 0.18028800000000011 0.14663650000000017
1 0.8365366153846154 0.21874897596153847 0.062498461538461614 0.11538602403846157
1 0.5612972307692308 0.2920672259615384 0.11297969230769234 0.08413554807692292
0 0.24399015384615388 0.14903951442307686 0.10817476923076935 0.12019169711538424
2 0.7704344615384615 0.5360594086538463 0.18028800000000011 0.08173271153846179
2 0.8185083076923076 0.46634541346153846 0.06490584615384598 0.2067300817307694
0 0.6514436923076924 0.4771627115384615 0.06730830769230778 0.14663650000000017
0 0.5384639999999999 0.43389351923076924 0.1057673846153846 0.09855710096153802
0 0.6995175384615386 0.27283546634615397 0.22595938461538478 0.24759643750000007
0 0.9242806153846153 0.6382207644230771 0.1274043076923076 0.12740474038461524
0 0.20913476923076924 0.6766842836538463 0.062498461538461586 0.1610580528846155
0 0.13101046153846163 0.777644221153846 0.13220923076923077 0.14663649999999984
2 0.0817304615384616 0.911056282451923 0.1250018461538462 0.1778874350961538
1 0.15144123076923074 0.5036075144230767 0.12019199999999995 0.1995170384615388
2 0.1742793846153846 0.7019231346153847 0.07452061538461544 0.08653838461538454
0 0.7920664615384614 0.941105110576923 0.07932553846153867 0.06009811538461507
2 0.9062510769230769 0.962739706730769 0.18749784615384613 0.04086635576923103
