2 0.7704344615384615 0.038462882211538624 0.18028800000000011 0.07692576442307725
2 0.8185083076923076 0.03485522716346154 0.06490584615384598 0.06971045432692308
0 0.6514436923076924 0.0252404807692308 0.06730830769230778 0.0504809615384616
0 0.9242806153846153 0.13822076442307707 0.1274043076923076 0.1274047403846153
0 0.20913476923076924 0.17668428365384622 0.062498461538461586 0.16105805288461555
0 0.13101046153846163 0.277644221153846 0.13220923076923077 0.1466364999999999
0 0.038461538461538464 0.5985589086538461 0.07692307692307693 0.1730767692307691
2 0.0817304615384616 0.42307476923076937 0.1250018461538462 0.20192440865384637
1 0.15144123076923074 0.05168301682692308 0.12019199999999995 0.10336603365384615
2 0.1742793846153846 0.2019231346153846 0.07452061538461544 0.08653838461538454
0 0.9038461538461539 0.7500010817307692 0.1923076923076923 0.08173271153846107
0 0.9963950769230768 0.6358164759615386 0.007209846153846344 0.1610580528846156
0 0.8353353846153846 0.5492780913461541 0.26202092307692315 0.09375142788461455
0 0.7920664615384614 0.441105110576923 0.07932553846153867 0.06009811538461507
2 0.9062510769230769 0.46273970673076903 0.18749784615384613 0.04086635576923103
1 0.9110572307692308 0.6875001298076923 0.08653784615384597 0.08653838461538421
0 0.631008 0.9879803281250001 0.14663384615384623 0.02403934374999972
