2 0.31610584615384596 0.02764299879807689 0.13701907692307733 0.05528599759615378
0 0.2127409230769228 0.06730793629807699 0.09375015384615343 0.13461587259615398
0 0.020433230769230776 0.17187570673076907 0.04086646153846155 0.18990569230769203
1 0.1358178461538459 0.20673043750000003 0.06971076923076899 0.1730767692307691
2 0.18990400000000016 0.27523943629807673 0.3798080000000003 0.5504788725961535
2 0.4170683076923079 0.2788459579326924 0.28605538461538493 0.5576919158653848
2 0.03365538461538456 0.7127406105769234 0.06731076923076912 0.0937514278846151
1 0.23918276923076903 0.9230773545673076 0.47836553846153806 0.1538452908653849
3 0.028846769230769044 0.5925489134615383 0.05769353846153809 0.25721231730769306
0 0.09254892307692314 0.754808384615385 0.07932553846153868 0.12019169711538458
0 0.3822129230769229 0.5997574230769231 0.22595938461538462 0.06490378846153866
0 0.4519236923076924 0.6802887163461537 0.24519384615384665 0.23557772115384634
0 0.3798055384615384 0.8197121730769233 0.27403815384615354 0.12980757692307665
0 0.8329304615384617 0.5865372884615384 0.06490584615384654 0.18269264903846172
0 0.8774055384615386 0.46394275480769254 0.0913476923076928 0.08653838461538421
0 0.8557686153846153 0.4206735625000001 0.13461661538461556 0.12019169711538397
0 0.9002387692307694 0.5877387067307691 0.04567138461538456 0.10336730769230718
1 0.7680295384615383 0.6826915528846156 0.06490584615384654 0.08653838461538477
