0 0.9314880000000001 0.030047287259615328 0.08413538461538483 0.060094574519230656
2 0.897838769230769 0.4903859278846155 0.18028800000000011 0.12980757692307698
2 0.8906264615384617 0.835338048076923 0.031251692307692425 0.15144217307692343
2 0.7475963076923078 0.8221133798076922 0.05288369230769241 0.09134405769230813
1 0.6394215384615385 0.6766828317307692 0.08653784615384663 0.11778886057692306
2 0.816105846153846 0.9771630300480768 0.13701907692307724 0.04567393990384638
2 0.9062523076923079 0.45432524519230755 0.15384615384615385 0.2019244086538466
0 0.9963950769230767 0.40384754326923067 0.007209846153846566 0.18749832211538475
0 0.9975963076923078 0.5624982259615385 0.004807384615384325 0.15384500961538422
0 0.9399015384615383 0.7079333076923078 0.12019199999999974 0.13702062019230699
0 0.8076923076923077 0.6658655336538464 0.08653784615384663 0.24038339423076904
3 0.9831716923076923 0.8317292596153847 0.03365661538461551 0.1586552163461542
0 0.7127409230769228 0.9975962079326923 0.09375015384615348 0.00480758413461535
0 0.6850978461538463 0.8305278413461539 0.057693538461538685 0.21874879807692238
0 0.5216369230769233 0.8293264230769227 0.20192492307692278 0.15384500961538428
2 0.641828923076923 0.8533638557692308 0.06249846153846106 0.03846351923076852
1 0.4531273846153846 0.9338951490384615 0.24278646153846112 0.10817298076923099
0 0.17187692307692315 0.8569726442307692 0.08413538461538486 0.0745196682692314
0 0.2668283076923075 0.8882231201923079 0.1298067692307694 0.06009811538461529
0 0.008413538461538268 0.9483176574519229 0.016827076923076535 0.10336468509615426
0 0.05769107692307675 0.980770685096154 0.07211323076923074 0.03845862980769199
1 0.0649033846153847 0.8269235865384617 0.024039384615384476 0.06250095192307725
0 0.049277538461538484 0.8822114951923076 0.09855507692307697 0.06250095192307725
0 0.13341292307692335 0.7668254711538462 0.22355692307692282 0.10577014423076969
2 0.6694720000000001 0.9999990444711537 0.4206720000000006 1.9110576926495426e-06
2 0.8870203076923078 0.9939896862980769 0.22595938461538456 0.01202062740384613
