0 0.641828923076923 0.1718769807692307 0.07211323076923071 0.1658637259615383
0 0.5973538461538461 0.030048739182692276 0.10336492307692313 0.06009747836538455
0 0.9591347692307691 0.04326887379807694 0.08173046153846175 0.08653774759615387
1 0.5420676923076924 0.16826819230769213 0.11297969230769278 0.07692250480769225
0 0.02764307692307683 0.3521622596153846 0.05528615384615366 0.19471136538461525
2 0.03485661538461516 0.7103345144230768 0.06971323076923032 0.1610580528846155
3 0.10576984615384624 0.7211518125 0.12500184615384585 0.36057509134615384
2 0.19952000000000025 0.7307676923076922 0.24519384615384665 0.1057701442307688
1 0.5264418461538463 0.902643043269231 0.1923052307692304 0.10336730769230795
0 0.3293267692307691 0.9723554086538462 0.21153969230769248 0.05528918269230776
0 0.22115199999999974 0.9447125877403844 0.12500184615384588 0.11057482451923117
0 0.3533661538461541 0.598557278846154 0.20672984615384632 0.06250095192307703
0 0.34855630769230794 0.739182153846154 0.12019199999999969 0.15624784615384646
