0 0.2127384615384615 0.3990375144230771 0.14663384615384592 0.22596184134615366
0 0.0817304615384615 0.41466501923076937 0.15384615384615385 0.1129786538461543
0 0.05288369230769231 0.5072104951923079 0.10576738461538462 0.08173271153846162
1 0.02644307692307703 0.3064920384615384 0.05288615384615406 0.3485563750000006
3 0.30648861538461547 0.6394209086538465 0.1081747692307693 0.21634596153846142
2 0.24759384615384625 0.5408638076923076 0.12019200000000024 0.08173271153846157
1 0.38702030769230766 0.5024048221153846 0.07692307692307693 0.07211683173076883
1 0.4651446153846155 0.4819716442307693 0.0985600000000002 0.03125047596153835
0 0.6622596923076924 0.4819716442307693 0.3197095384615386 0.07451966826923079
0 0.8834141538461537 0.7247578749999997 0.23317169230769252 0.045672028846153734
