3 0.021634461538461516 0.1021642079326922 0.04326892307692303 0.2043284158653844
3 0.11057723076923075 0.3870187980769231 0.2211544615384615 0.1971142019230766
0 0.2896615384615384 0.13341241706730747 0.12259446153846146 0.26682483413461494
0 0.4134621538461538 0.08413386658653857 0.10096246153846167 0.16826773317307714
0 0.30889600000000006 0.3389439326923077 0.13701907692307705 0.2740367067307693
3 0.5612972307692308 0.6814886826923074 0.3677883076923075 0.11778886057692317
2 0.325723076923077 0.5264422548076921 0.10336492307692313 0.22596184134615416
1 0.1850953846153846 0.16466121153846175 0.16346092307692306 0.07451966826923129
2 0.2944713846153846 0.28365602403846124 0.036056615384615354 0.12980757692307668
3 0.778848 0.6117792211538463 0.34615138461538464 0.16105805288461505
1 0.6081747692307693 0.597357668269231 0.05288369230769219 0.12740474038461536
1 0.729568 0.518027793269231 0.11778953846153828 0.16105805288461555
0 0.9326916923076922 0.6069690144230772 0.13461661538461556 0.15144217307692287
0 0.9819704615384615 0.45312400480769266 0.03605907692307697 0.08894122115384562
2 0.9771630769230769 0.4519225865384614 0.045673846153846176 0.20673008173076884
