0 0.7151433846153845 0.6009601153846152 0.35336369230769227 0.2548094807692309
0 0.7776418461538461 0.8233177019230769 0.18028800000000011 0.14663650000000017
1 0.8365366153846154 0.7187489759615384 0.062498461538461614 0.11538602403846154
1 0.5612972307692308 0.7920672259615384 0.11297969230769234 0.08413554807692292
0 0.24399015384615388 0.6490395144230768 0.10817476923076935 0.12019169711538424
2 0.7704344615384615 0.9975965264423077 0.18028800000000011 0.004806947115384541
2 0.8185083076923076 0.9314901862980769 0.06490584615384598 0.1370196274038462
0 0.6514436923076924 0.9519222307692308 0.06730830769230778 0.09615553846153857
0 0.5384639999999999 0.9338935192307692 0.1057673846153846 0.09855710096153802
0 0.6995175384615386 0.772835466346154 0.22595938461538478 0.24759643750000015
1 0.15144123076923074 0.9519244975961536 0.12019199999999995 0.09615100480769267
0 0.21754830769230765 0.07932697115384624 0.16105846153846148 0.12500190384615384
1 0.20673230769230763 0.008413009615384662 0.10576738461538465 0.016826019230769325
0 0.08654030769230764 0.030048739182692276 0.13461661538461533 0.06009747836538455
0 0.009614769230769248 0.00480875480769229 0.019229538461538496 0.00961750961538458
