0 0.10937353846153833 0.15264359134615385 0.1514436923076921 0.15624784615384615
0 0.1923076923076923 0.2187487980769231 0.15384615384615383 0.19230852884615385
0 0.14182646153846162 0.05408649038461539 0.06730830769230779 0.1033673076923077
0 0.4471163076923078 0.5132232163461539 0.10576738461538437 0.17547960576923072
1 0.20432615384615388 0.4711554423076923 0.40865230769230776 0.12019169711538458
5 0.6358178461538462 0.5528836201923076 0.16586338461538475 0.09615426442307684
5 0.7716356923076924 0.48918124999999996 0.1490363076923077 0.1225945336538462
1 0.521636923076923 0.4194717884615385 0.15865599999999996 0.1418262932692308
0 0.7235569230769232 0.5901457211538461 0.15865600000000002 0.17547960576923083
0 0.7812504615384614 0.7211547163461538 0.21634461538461547 0.1538450096153846
0 0.0973563076923077 0.9975968449519231 0.1947126153846154 0.004806310096153732
1 0.242788923076923 0.9927877716346154 0.10096246153846136 0.014424456730769197
