1 0.00841353846153854 0.8942306706730769 0.01682707692307708 0.21153865865384602
3 0.01682707692307708 0.09855710096153845 0.03365415384615416 0.19230852884615382
1 0.007212307692307663 0.18269264903846155 0.014424615384615326 0.2980786730769231
3 0.37499815384615365 0.9158660817307693 0.3846153846153847 0.08173271153846151
0 0.39543384615384597 0.4939914567307693 0.17067323076923036 0.3245189423076924
1 0.3918252307692307 0.26923103365384615 0.12500184615384585 0.1923085288461538
1 0.558894769230769 0.30048150961538467 0.14182892307692346 0.09134405769230769
1 0.17788307692307698 0.8281262788461539 0.16827076923076975 0.09375142788461543
1 0.4375015384615384 0.9771625336538461 0.13942153846153799 0.045674932692307824
1 0.4122609230769231 0.8593767548076923 0.08894030769230726 0.09375142788461555
1 0.9807704615384617 0.9375006778846153 0.038459076923076596 0.06250095192307714
3 0.9783655384615384 0.6165859903846154 0.043268923076923316 0.5264433509615383
