2 0.10697107692307711 0.3713954711538461 0.016827076923076542 0.08413554807692303
2 0.12139569230769244 0.37379830769230765 0.026441846153846232 0.06490378846153833
0 0.08774153846153829 0.5060087211538462 0.13220923076923113 0.2187487980769231
0 0.17187692307692315 0.31971181730769227 0.1562486153846156 0.08653838461538454
5 0.3353378461538461 0.0913467319711539 0.10336492307692319 0.1826934639423078
0 0.2391803076923077 0.18870282211538458 0.06490584615384654 0.1658637259615384
1 0.026441846153846225 0.5240390625 0.05288369230769245 0.028847639423077
1 0.1610559999999999 0.5432708221153846 0.10576738461538492 0.04326919230769244
1 0.2199507692307694 0.4891843317307692 0.10336492307692313 0.10817298076923076
1 0.054086153846154 0.2800468798076923 0.108172307692308 0.09855710096153847
0 0.23437538461538474 0.8233191538461538 0.06490584615384659 0.18028981249999987
