0 0.04567384615384613 0.03966493749999999 0.09134769230769225 0.06970946153846153
2 0.0156246153846154 0.08533696634615384 0.0312492307692308 0.07932534134615385
2 0.051684923076923045 0.09855710096153847 0.026441846153846087 0.052885072115384624
1 0.3016836923076922 0.18269264903846152 0.3822129230769231 0.24519360096153844
1 0.20913476923076926 0.34014644711538455 0.4182695384615385 0.1370206201923077
0 0.015625846153846136 0.37139238942307695 0.03125169230769227 0.16586372596153848
0 0.032451692307692306 0.19711420192307696 0.06490338461538461 0.16827109615384622
0 0.5432689230769231 0.6346163317307693 0.13942153846153854 0.1490393365384617
0 0.6935113846153846 0.499998548076923 0.13220923076923086 0.12019169711538463
0 0.7860553846153847 0.3137016442307693 0.06730830769230778 0.055287908653846196
0 0.930288 0.23677913942307693 0.13942399999999988 0.15624784615384615
1 0.016827076923076945 0.8737983076923077 0.03365415384615389 0.09375142788461532
1 0.20673230769230763 0.9879798317307692 0.10576738461538465 0.024040336538461604
0 0.08654030769230764 0.9831730252403846 0.13461661538461533 0.03365394951923073
0 0.009614769230769248 0.9615395625000001 0.019229538461538496 0.076920875
