0 0.17187692307692315 0.27644262500000005 0.12740430769230762 0.08173271153846157
0 0.3605784615384615 0.23918052403846146 0.23076923076923078 0.0745196682692306
1 0.3233156923076925 0.3569693846153845 0.16105846153846176 0.1466364999999999
3 0.674276923076923 0.11057622475961537 0.3629784615384619 0.22115244951923074
0 0.9471150769230772 0.0781270048076923 0.10576984615384566 0.1274047403846153
2 0.7620209230769233 0.20312437500000002 0.33173169230769217 0.12259453365384601
1 0.9987975384615384 0.05168220192307693 0.0024049230769230823 0.04086635576923078
0 0.37740553846153857 0.0024043774038461107 0.12019199999999969 0.004808754807692221
1 0.12259692307692333 0.019229900240384623 0.13461661538461556 0.038459800480769246
3 0.5961526153846153 0.7584153653846153 0.21153969230769254 0.286059956730769
1 0.46153600000000017 0.9026444951923077 0.12980676923076934 0.07932534134615365
1 0.5300504615384616 0.917066048076923 0.05528615384615421 0.05528790865384614
3 0.9110572307692308 0.8942299447115384 0.17788553846153832 0.21154011057692323
