0 0.49879876923076916 0.9867785913461536 0.18028800000000006 0.026442817307692712
1 0.6947126153846155 0.9747598750000002 0.22115446153846163 0.05048024999999967
0 0.9747593846153846 0.013221445913461758 0.05048123076923072 0.026442891826923515
2 0.5636996923076922 0.2103346923076923 0.04567138461538456 0.09375142788461507
1 0.4879827692307691 0.23196928846153825 0.1201920000000003 0.09375142788461452
0 0.631008 0.3557697740384618 0.15144369230769206 0.22115163461538473
2 0.4807704615384614 0.06490396634615382 0.21634461538461547 0.12980793269230764
0 0.5949513846153847 0.1418266490384614 0.13220923076923052 0.11538602403846125
0 0.7307692307692308 0.0649041442307693 0.1394215384615386 0.09615426442307697
2 0.4387027692307693 0.5949517499999999 0.02644184615384626 0.14182629326923069
0 0.4507199999999999 0.44591241346153837 0.060095999999999816 0.17547960576923038
1 0.3894227692307692 0.504809110576923 0.07211323076923071 0.08173271153846157
1 0.4699495384615385 0.9278851538461539 0.08413538461538483 0.019231759615384814
1 0.3161033846153846 0.9026463028846157 0.11297969230769234 0.08413554807692292
0 0.4110596923076922 0.8689884567307689 0.08653784615384608 0.15144217307692287
0 0.43509415384615396 0.7271621634615384 0.06730830769230778 0.13221041346153795
1 0.1935089230769232 0.7211550721153845 0.08413538461538486 0.019231759615384814
0 0.07331815384615376 0.7283635817307691 0.1466363076923075 0.06250095192307725
