0 0.3365366153846154 0.27764549519230763 0.18269046153846155 0.09375142788461538
0 0.19230523076923073 0.5072115913461539 0.2499987692307692 0.06730662499999995
3 0.32091569230769224 0.5468765288461538 0.38221292307692306 0.07932534134615388
0 0.0913476923076923 0.6009630192307692 0.17788553846153846 0.07211683173076922
0 0.14663384615384614 0.7439907307692308 0.23557907692307692 0.13702062019230754
3 0.24278646153846153 0.4314905048076923 0.3894252307692308 0.07932534134615388
1 0.4639409230769231 0.3569708365384615 0.09615261538461539 0.09375142788461538
1 0.4627396923076923 0.3028843461538462 0.09375015384615387 0.02403743269230768
3 0.8497575384615386 0.18629690384615386 0.08894030769230776 0.3677881346153847
3 0.9555273846153847 0.5168274711538462 0.08894523076923078 0.3509637451923076
0 0.9603372307692308 0.42668483173076927 0.07932553846153845 0.213943125
1 0.8185107692307692 0.6069701105769231 0.3293292307692307 0.2235590048076923
0 0.8701932307692308 0.5540850384615384 0.05769353846153835 0.29567130288461535
1 0.9975975384615384 0.354568 0.004804923076923151 0.12740474038461536
1 0.9387027692307692 0.1165874423076923 0.12259446153846154 0.07451966826923077
1 0.9362990769230769 0.19951703846153845 0.1274018461538462 0.08653838461538463
