0 0.04447138461538458 0.9867785913461536 0.08894276923076916 0.026442817307692712
1 0.19471261538461537 0.9747598750000002 0.2211544615384616 0.05048024999999967
0 0.5288467692307692 0.013221445913461758 0.15865600000000002 0.026442891826923515
2 0.06369969230769221 0.2103346923076923 0.04567138461538452 0.09375142788461507
1 0.02403938461538461 0.23196928846153825 0.04807876923076922 0.09375142788461452
0 0.13100799999999999 0.3557697740384618 0.15144369230769208 0.22115163461538473
2 0.04447138461538458 0.06490396634615382 0.08894276923076916 0.12980793269230764
0 0.0949513846153846 0.1418266490384614 0.13220923076923058 0.11538602403846125
0 0.23076923076923078 0.0649041442307693 0.1394215384615385 0.09615426442307697
1 0.00600861538461545 0.9278851538461539 0.0120172307692309 0.019231759615384814
