2 0.388219076923077 0.15264522115384632 0.12740430769230765 0.11297865384615385
2 0.7115372307692306 0.05048078365384619 0.49038276923076957 0.10096156730769237
0 0.44591261538461535 0.2800499615384614 0.15624861538461565 0.0985571009615383
0 0.2499987692307693 0.23317198076923087 0.17307569230769212 0.07692250480769197
0 0.016827076923076945 0.23317198076923093 0.03365415384615389 0.12980757692307693
0 0.31490461538461534 0.698315798076923 0.28365292307692325 0.15144217307692287
1 0.3040886153846153 0.7692312115384614 0.26202092307692315 0.11538602403846154
1 0.09254892307692313 0.435096389423077 0.18509784615384625 0.3125002259615387
1 0.013220923076923113 0.13581629807692297 0.026441846153846225 0.09375142788461546
3 0.5709144615384618 0.17067248076923078 0.08413538461538483 0.34134496153846156
1 0.503606153846154 0.4939885528846155 0.08413538461538483 0.03605614903846127
0 0.6262006153846154 0.43509638942307705 0.17067323076923036 0.17788244230769262
0 0.7572135384615384 0.43509638942307705 0.06730830769230722 0.07211683173076916
2 0.8293267692307691 0.45071936057692324 0.06730830769230722 0.04086635576923048
2 0.9975950769230769 0.5444707884615387 0.0048098461538461645 0.031250475961538626
1 0.8665846153846153 0.6177890384615385 0.20432738461538458 0.13461325000000024
2 0.9110584615384615 0.49759734134615385 0.17788307692307703 0.10577014423076908
2 0.9999987692307694 0.12379758173076919 2.461538461284718e-06 0.016828923076923075
0 0.887019076923077 0.17067102884615382 0.22596184615384596 0.10095993749999996
4 0.977163076923077 0.9639432139423078 0.04567384615384584 0.0721135721153845
4 0.8281255384615382 0.9038444615384614 0.15144369230769217 0.09134405769230813
0 0.912260923076923 0.9507208125000001 0.08413538461538483 0.09855837499999986
0 0.9651433846153845 0.8112989855769233 0.06971323076923086 0.1899056923076925
1 0.9963950769230769 0.6141847836538462 0.007209846153846011 0.17067393269230746
0 0.6502399999999999 0.8822098653846152 0.11297969230769278 0.22115163461538478
0 0.584132923076923 0.9939900048076923 0.1250018461538458 0.012019990384615431
