2 0.2704344615384614 0.038462882211538624 0.18028800000000006 0.07692576442307725
2 0.31850830769230776 0.03485522716346154 0.06490584615384604 0.06971045432692308
0 0.15144369230769236 0.0252404807692308 0.06730830769230778 0.0504809615384616
0 0.42428061538461526 0.13822076442307707 0.12740430769230765 0.1274047403846153
2 0.9362990769230768 0.9891828798076924 0.1274018461538463 0.021634240384615255
2 0.917065846153846 0.861778317307692 0.0985600000000002 0.04567202884615329
0 0.7884603076923078 0.8557712259615389 0.20672984615384626 0.12019169711538447
2 0.6322116923076921 0.7776427692307694 0.12019200000000019 0.036056149038462104
1 0.7728344615384616 0.6634626971153844 0.17548307692307707 0.18749832211538497
1 0.6442289230769231 0.5805285673076922 0.12500184615384635 0.06970946153846191
0 0.4435101538461539 0.7500010817307692 0.27163569230769236 0.08173271153846107
0 0.5372603076923076 0.6358164759615386 0.08894030769230787 0.1610580528846156
0 0.3353353846153845 0.5492780913461541 0.26202092307692315 0.09375142788461455
0 0.2920664615384615 0.441105110576923 0.07932553846153867 0.06009811538461507
2 0.5000024615384616 0.46273970673076903 0.3750006153846155 0.04086635576923103
1 0.41105723076923084 0.6875001298076923 0.08653784615384608 0.08653838461538421
0 0.13100799999999996 0.9879803281250001 0.14663384615384617 0.02403934374999972
