0 0.1322116923076922 0.3725968894230769 0.13461661538461556 0.28846279326923074
0 0.9915876923076924 0.1250004519230769 0.016824615384615216 0.18269264903846144
1 0.9867778461538462 0.3834141875 0.026444307692307545 0.07451966826923062
1 0.8677883076923079 0.3353347884615384 0.13461661538461556 0.06490378846153849
0 0.9290855384615385 0.42788479807692303 0.06490584615384609 0.14903933653846152
0 0.9278843076923077 0.5721139278846155 0.06730830769230778 0.12500190384615384
0 0.7499987692307692 0.8125018557692307 0.08653784615384608 0.20673008173076945
2 0.6923052307692307 0.8076916490384616 0.07211323076923071 0.052885072115384624
0 0.6213932307692309 0.7752397548076924 0.06490584615384598 0.09375142788461543
0 0.8149046153846153 0.6237975817307693 0.09134769230769224 0.1802898125000001
1 0.8064910769230769 0.9507215384615384 0.09375015384615393 0.0985569230769231
1 0.8786043076923076 0.9146632115384614 0.23317169230769252 0.0408663557692307
2 0.8834141538461537 0.7968743509615386 0.23317169230769252 0.23317488461538483
1 0.948315076923077 0.7139402211538461 0.050481230769230945 0.15865521634615387
