0 0.025239384615384407 0.12379595192307692 0.050478769230768814 0.14182629326923074
1 0.15744984615384594 0.20913291826923078 0.2668258461538467 0.03365331249999998
0 0.0973538461538461 0.9471168762019231 0.10336492307692315 0.10576624759615372
0 0.45913599999999977 0.9735571454326923 0.08173292307692304 0.05288570913461521
2 0.6045686153846154 0.9314905048076922 0.09375015384615337 0.1370189903846154
0 0.7151458461538459 0.8942314855769231 0.13701907692307724 0.1442291298076923
0 0.5973563076923074 0.7944729663461538 0.11778953846153795 0.09375142788461543
1 0.431488 0.8173089807692306 0.19951753846153836 0.10095993749999976
1 0.5853341538461538 0.6935084951923076 0.040866461538461074 0.1322104134615386
1 0.040866461538461546 0.8425478317307693 0.04807876923076894 0.1322104134615385
