1 0.0228369230769232 0.006008313701923084 0.0456738461538464 0.012016627403846169
0 0.1262006153846154 0.012018805288461656 0.17067323076923036 0.024037610576923312
2 0.5468726153846154 0.0444707884615387 0.10336492307692313 0.031250475961538626
1 0.3665846153846153 0.1177890384615385 0.20432738461538452 0.13461325000000018
2 0.4134621538461539 0.025241206730769204 0.18269046153846186 0.05048241346153841
0 0.7007187692307693 0.08293430769230772 0.22355692307692276 0.09855710096153832
4 0.5276430769230771 0.5024060961538462 0.1466338461538459 0.14903933653846152
4 0.3281255384615382 0.40384446153846143 0.15144369230769206 0.09134405769230808
0 0.4122609230769231 0.4891814278846154 0.08413538461538489 0.17547960576923066
0 0.4687483076923076 0.31129898557692326 0.07692307692307687 0.18990569230769255
1 0.5324529230769233 0.1141847836538462 0.07932553846153872 0.17067393269230743
0 0.21033600000000024 0.6201904230769232 0.09375015384615346 0.18749832211538453
0 0.15023999999999987 0.3822098653846152 0.11297969230769284 0.22115163461538473
0 0.08413292307692298 0.6081717067307693 0.12500184615384588 0.24038339423076932
4 0.30768984615384637 0.9951929639423076 0.0913476923076928 0.009614072115384675
0 0.30648861538461547 0.9663475913461539 0.17548307692307658 0.06730481730769222
