0 0.6850978461538462 0.09735626802884613 0.1250018461538459 0.19471253605769226
0 0.674276923076923 0.417067855769231 0.21394215384615423 0.0649037884615386
0 0.7872615384615386 0.4218735288461537 0.2524061538461535 0.14182629326923074
0 0.8353353846153848 0.6802872644230773 0.05528615384615421 0.07692250480769214
0 0.832932923076923 0.7319709182692306 0.1995175384615384 0.026440269230769475
0 0.1935089230769232 0.03125106129807684 0.1466338461538459 0.06250212259615368
0 0.04927753846153848 0.19110601442307712 0.07452061538461516 0.3100973894230771
0 0.0625009230769232 0.4182692740384614 0.1250018461538464 0.07692250480769214
2 0.006011076923076786 0.26562568269230813 0.012022153846153572 0.30048150961538495
1 0.006008615384615177 0.30529062019230746 0.012017230769230353 0.03846351923076913
1 0.006009846153846117 0.276442980769231 0.012019692307692235 0.04326919230769183
1 0.00600861538461545 0.23797946153846156 0.0120172307692309 0.0336533124999997
