0 0.7752418461538463 0.050481139423077075 0.21875199999999984 0.10095993750000021
2 0.9399040000000001 0.013221853365384489 0.12019199999999997 0.026443706730768977
1 0.8425476923076923 0.5769244903846154 0.31490461538461534 0.2307675144230769
3 0.6153846153846154 0.36898845673076897 0.20192492307692278 0.2764440769230763
0 0.4771643076923077 0.6045661778846155 0.15624861538461554 0.29567130288461607
1 0.6358153846153846 0.46514272115384614 0.20432738461538458 0.09375142788461455
1 0.4170683076923076 0.44831833173076907 0.15144369230769206 0.0793253413461546
1 0.5156233846153846 0.23797946153846156 0.3100947692307694 0.057690745192307796
1 0.057691076923076956 0.3533654855769231 0.11538215384615391 0.3701909711538457
3 0.07091323076923074 0.0901454915865387 0.14182646153846148 0.1802909831730774
1 0.18389661538461538 0.07692140865384599 0.16586338461538475 0.03846351923076859
1 0.17548307692307702 0.01923007812499997 0.16346092307692311 0.03846015624999994
