3 0.28725907692307695 0.009616057692307632 0.19951753846153836 0.019232115384615264
3 0.02163323076923078 0.14783809615384605 0.04326646153846156 0.2956761923076921
3 0.021634461538461516 0.5036076923076924 0.04326892307692303 0.4014414471153841
3 0.11057723076923075 0.8870187980769231 0.2211544615384615 0.19711420192307672
0 0.2896615384615384 0.6310078990384612 0.12259446153846146 0.27163387019230734
0 0.4134621538461538 0.5540853942307694 0.10096246153846167 0.22836467788461556
0 0.30889600000000006 0.8389439326923076 0.13701907692307705 0.2740367067307693
2 0.325723076923077 0.9567306670673075 0.10336492307692313 0.08653866586538494
1 0.37620430769230767 0.4663455913461536 0.06971076923076924 0.0673066249999994
1 0.1850953846153846 0.6646612115384618 0.16346092307692306 0.0745196682692314
2 0.2944713846153846 0.7836560240384612 0.036056615384615354 0.12980757692307665
1 0.729568 0.9687493834134616 0.11778953846153828 0.06250123317307676
0 0.9819704615384615 0.9531240048076927 0.03605907692307697 0.08894122115384562
2 0.9771630769230769 0.9242787728365385 0.045673846153846176 0.15144245432692294
