3 0.09134523076923078 0.5168274711538462 0.18269046153846155 0.3509637451923076
0 0.09014400000000003 0.42668483173076927 0.18028800000000006 0.213943125
1 0.08413538461538465 0.354568 0.1682707692307693 0.12740474038461536
1 0.051682461538461504 0.1165874423076923 0.10336492307692301 0.07451966826923077
1 0.03605784615384611 0.19951703846153845 0.07211569230769221 0.08653838461538463
0 0.6093735384615383 0.15264359134615385 0.15144369230769206 0.15624784615384615
0 0.6923076923076923 0.2187487980769231 0.15384615384615385 0.19230852884615385
0 0.6418264615384616 0.05408649038461539 0.06730830769230778 0.1033673076923077
0 0.9471163076923078 0.5132232163461539 0.10576738461538437 0.17547960576923072
1 0.6874978461538461 0.4711554423076923 0.44230892307692327 0.12019169711538458
1 0.9711544615384615 0.4194717884615385 0.05769107692307707 0.1418262932692308
0 0.5432713846153846 0.9975968449519231 0.3028824615384615 0.004806310096153732
1 0.742788923076923 0.9927877716346154 0.10096246153846145 0.014424456730769197
