1 0.9447113846153847 0.7728370961538464 0.11057723076923054 0.17547960576923038
1 0.9194707692307691 0.8894245384615386 0.08894030769230721 0.12019169711538447
0 0.9699520000000001 0.971153671875 0.060095999999999816 0.057692656249999974
3 0.7596135384615382 0.13701934615384614 0.2932676923076918 0.12019169711538452
0 0.6634609230769231 0.015624600961538376 0.16827076923076978 0.03124920192307675
2 0.7776418461538461 0.06610570312500003 0.09375015384615348 0.13221140625000005
1 0.8209156923076921 0.06370173317307685 0.11297969230769289 0.1274034663461537
4 0.1262006153846154 0.17668428365384622 0.1466338461538459 0.16586372596153826
1 0.35937723076923056 0.12500062980769233 0.3052898461538459 0.13942345673076934
1 0.3353378461538461 0.08293285576923076 0.3341341538461539 0.09375142788461532
1 0.03245169230769234 0.24519232692307702 0.06490338461538468 0.10577014423076939
2 0.18629661538461526 0.9879814615384614 0.3485587692307698 0.024037076923077105
3 0.43630030769230754 0.8581740624999997 0.17548307692307663 0.2307675144230774
