2 0.049277538461538484 0.0444707884615387 0.09855507692307697 0.031250475961538626
2 0.002403692307692423 0.025241206730769204 0.004807384615384846 0.05048241346153841
0 0.20071876923076923 0.08293430769230772 0.22355692307692282 0.09855710096153832
1 0.5637021538461537 0.021634685096153808 0.08413538461538483 0.043269370192307616
4 0.05048000000000003 0.5024060961538462 0.10096000000000006 0.14903933653846152
0 0.003604923076923027 0.31129898557692326 0.007209846153846054 0.18990569230769255
1 0.036057846153846315 0.1141847836538462 0.07211569230769263 0.17067393269230743
1 0.9843753846153848 0.14422930769230768 0.031249230769230474 0.06730662500000023
1 0.9278867692307693 0.08894244350961546 0.028844307692307947 0.17788488701923091
1 0.7343753846153848 0.20673025961538466 0.15144369230769206 0.03846351923076943
0 0.8701932307692306 0.20673025961538466 0.20672984615384626 0.08173271153846182
