0 0.009616000000000086 0.06610488822115382 0.019232000000000173 0.13220977644230764
1 0.01682584615384614 0.2644224567307693 0.03365169230769228 0.03846351923076943
1 0.07932553846153867 0.05288670192307692 0.11057723076923108 0.08173271153846143
1 0.06730707692307683 0.6442293076923077 0.13461415384615366 0.06730662500000029
5 0.4038449230769229 0.9170691298076922 0.0913476923076928 0.14182629326923046
0 0.431488 0.9915860348557692 0.08413538461538489 0.016827930288461412
1 0.496393846153846 0.8762027740384616 0.1274043076923076 0.05048223557692322
0 0.5877415384615383 0.057691560096153886 0.1322092307692312 0.11538312019230777
1 0.5132209230769231 0.024039062499999986 0.07932553846153861 0.028847639423077
1 0.6610559999999999 0.04327082211538456 0.10576738461538493 0.04326919230769241
1 0.7199507692307694 0.02163541105769228 0.10336492307692313 0.04327082211538456
0 0.7343753846153848 0.32331915384615384 0.06490584615384654 0.18028981249999987
0 0.8617796923076924 0.7656269567307692 0.12259446153846154 0.09855710096153825
