2 0.8798079999999998 0.08052711538461538 0.038459076923076596 0.0985571009615383
1 0.8245169230769229 0.20913327403846166 0.10576738461538493 0.12500190384615342
1 0.8028849230769228 0.16466266346153882 0.10096246153846145 0.2572123173076925
0 0.9014399999999998 0.1574541538461537 0.04326892307692276 0.0937514278846145
0 0.8233156923076925 0.032452072115384784 0.1995175384615383 0.06490414423076957
3 0.16586584615384609 0.24759679326923106 0.33173169230769217 0.19230852884615446
1 0.03725784615384625 0.10577049999999981 0.06490584615384658 0.14903933653846207
4 0.060095999999999844 0.3413482211538464 0.1105772307692311 0.1298075769230772
2 0.6286079999999998 0.9903839795673077 0.5408640000000002 0.019232040865384437
0 0.9086523076923076 0.9927879495192307 0.019229538461538298 0.014424100961538566
