1 0.9639433846153844 0.7319692884615383 0.07211323076923104 0.09375142788461444
2 0.9362990769230768 0.5540868461538462 0.1274018461538463 0.15144217307692287
2 0.917065846153846 0.361778317307692 0.0985600000000002 0.04567202884615318
0 0.7884603076923078 0.3557712259615389 0.20672984615384626 0.12019169711538452
2 0.6322116923076921 0.27764276923076936 0.12019200000000019 0.03605614903846216
1 0.7728344615384616 0.16346269711538441 0.17548307692307707 0.18749832211538503
1 0.6442289230769231 0.0805285673076922 0.12500184615384635 0.06970946153846187
0 0.4435101538461539 0.25000108173076924 0.27163569230769236 0.08173271153846098
0 0.5372603076923076 0.13581647596153865 0.08894030769230787 0.16105805288461555
0 0.3353353846153845 0.049278091346154115 0.26202092307692315 0.09375142788461452
1 0.41105723076923084 0.18750012980769226 0.08653784615384608 0.08653838461538427
0 0.9507199999999999 0.9290863052884616 0.06009599999999993 0.14182738942307682
1 0.8894227692307692 0.9819713774038461 0.07211323076923082 0.036057245192307685
1 0.388219076923077 0.8173062548076924 0.0456713846153845 0.13461325000000046
0 0.290865230769231 0.6790887499999996 0.19230523076923084 0.1610580528846156
1 0.24879753846153846 0.5637027259615381 0.036056615384615354 0.06490378846153855
0 0.13100799999999996 0.5336536682692307 0.14663384615384617 0.11538602403846071
