1 0.06370215384615381 0.9567308966346155 0.08413538461538486 0.08653820673076906
0 0.11778953846153847 0.9014430769230769 0.23557907692307695 0.1730767692307691
5 0.021634461538461654 0.0048072139423076705 0.04326892307692331 0.009614427884615341
2 0.05649107692307682 0.15023930288461537 0.11298215384615364 0.03125047596153835
2 0.412260923076923 0.20793458173076926 0.257211076923077 0.1466364999999999
2 0.4218756923076922 0.1850940336538462 0.25721107692307704 0.11538602403846152
0 0.21033600000000024 0.12620187019230766 0.18028800000000006 0.0937514278846154
0 0.7427864615384616 0.21875187980769234 0.12019199999999974 0.11538602403846154
2 0.6225944615384614 0.21274025480769224 0.10096246153846145 0.06009811538461535
0 0.3353378461538461 0.5552895384615385 0.12740430769230765 0.12980757692307693
0 0.4807704615384617 0.5612966298076922 0.07692307692307687 0.14182629326923069
2 0.4326916923076922 0.5216362259615384 0.08173292307692315 0.04326919230769233
0 0.5492799999999998 0.3389435769230769 0.05048123076923072 0.21154028846153836
0 0.40745107692307686 0.7536051586538461 0.09375015384615348 0.12740474038461524
0 0.3221144615384617 0.8689911826923078 0.10096246153846145 0.10336730769230795
1 0.48557538461538463 0.7644224567307693 0.09615261538461523 0.038463519230769405
1 0.5793255384615388 0.5528867019230769 0.1105772307692311 0.0817327115384614
1 0.2920689230769228 0.7704340817307691 0.1370190769230773 0.060098115384615625
1 0.4278867692307693 0.9987975372596154 0.028844307692308002 0.0024049254807692044
1 0.9867790769230769 0.5240390625 0.02644184615384626 0.028847639423077
1 0.9338941538461538 0.2800468798076923 0.13221169230769247 0.09855710096153847
