3 0.43269415384615395 0.8557684627403845 0.5625009230769232 0.28846307451923103
3 0.8918264615384617 0.05168269831730754 0.21634707692307675 0.10336539663461508
2 0.9362978461538463 0.5144249903846155 0.1274043076923076 0.16346088942307696
3 0.8882203076923079 0.4038446394230769 0.22355938461538416 0.37019097115384625
3 0.8569710769230768 0.22115199038461542 0.28605784615384633 0.13942345673076936
0 0.05769353846153836 0.40024038461538464 0.11538707692307672 0.2764440769230768
1 0.22595938461538456 0.32451929807692315 0.24519384615384607 0.05288507211538457
2 0.025240615384615486 0.5036076923076924 0.05048123076923097 0.045672028846153234
1 0.007212307692307663 0.18870009615384611 0.014424615384615326 0.09375142788461505
1 0.07331692307692309 0.9807703665865385 0.14663384615384617 0.03845926682692302
