2 0.9278843076923077 0.9471152836538461 0.11057723076923054 0.033653312500000254
2 0.717545846153846 0.9182676442307691 0.15144369230769217 0.03846351923076918
0 0.8545649230769231 0.9110591346153848 0.16105846153846182 0.11057581730769184
0 0.9747593846153846 0.9122592415865385 0.05048123076923072 0.17548151682692315
2 0.4807704615384614 0.9891828798076924 0.21634461538461547 0.021634240384615255
2 0.417065846153846 0.861778317307692 0.0985600000000002 0.04567202884615329
2 0.5384590769230768 0.8317292596153846 0.033654153846153556 0.05288507211538507
0 0.2884603076923078 0.8557712259615389 0.2067298461538463 0.12019169711538447
2 0.1322116923076922 0.7776427692307694 0.12019200000000024 0.036056149038462104
1 0.2728344615384616 0.6634626971153844 0.17548307692307707 0.18749832211538497
1 0.1442289230769231 0.5805285673076922 0.1250018461538464 0.06970946153846191
0 0.039664000000000005 0.7500010817307692 0.07932800000000001 0.08173271153846107
0 0.04086523076923075 0.6358164759615386 0.0817304615384615 0.1610580528846156
2 0.09375138461538467 0.46273970673076903 0.18750276923076933 0.04086635576923103
