0 0.30889353846153844 0.25721104326923083 0.1947126153846154 0.24038339423076932
1 0.46754953846153846 0.2127404326923077 0.3533636923076922 0.06970946153846161
0 0.8221144615384616 0.35937693269230786 0.30288246153846154 0.15144217307692315
2 0.8906240000000001 0.24158807211538486 0.21875199999999984 0.137020620192308
0 0.9567323076923078 0.11418333173076911 0.08653538461538457 0.21394312499999985
5 0.9819704615384615 0.04567252524038464 0.03605907692307697 0.09134505048076928
1 0.8161033846153847 0.10336603365384614 0.3293292307692307 0.1490393365384615
0 0.0733193846153846 0.3617797692307691 0.14182892307692307 0.13702062019230798
0 0.026441846153846153 0.28124847596153846 0.04807876923076923 0.12019169711538452
4 0.23197046153846154 0.9759616117788461 0.09375015384615387 0.04807677644230779
