0 0.5793255384615383 0.008413417067307668 0.07211323076923082 0.016826834134615335
0 0.033654153846153854 0.08293421875000011 0.06730830769230771 0.16586843750000022
1 0.07211569230769228 0.7127404326923077 0.14423138461538457 0.06970946153846158
0 0.32211446153846157 0.8593769326923079 0.3028824615384615 0.1514421730769231
2 0.3906240000000001 0.7415880721153849 0.2187519999999999 0.13702062019230798
0 0.4879827692307693 0.6141833317307691 0.1490363076923077 0.2139431249999999
5 0.5528836923076923 0.5228347403846154 0.17788553846153854 0.1370206201923077
1 0.3161033846153847 0.6033660336538462 0.3293292307692307 0.14903933653846158
0 0.3713944615384615 0.39422858173076913 0.14663384615384623 0.1826926490384615
2 0.6718744615384615 0.412258923076923 0.21394215384615378 0.1658637259615386
0 0.8425476923076921 0.3161046586538462 0.223556923076923 0.16105805288461555
0 0.9699532307692307 0.4507224423076922 0.06009353846153853 0.15144217307692315
0 0.9675483076923078 0.8233162500000001 0.06490338461538436 0.14182629326923046
