4 0.5276430769230771 0.038462882211538485 0.1466338461538459 0.07692576442307697
0 0.4122609230769231 0.03846061538461539 0.08413538461538489 0.07692123076923078
0 0.21033600000000024 0.12019042307692318 0.09375015384615346 0.18749832211538447
0 0.08413292307692298 0.11418170192307696 0.12500184615384588 0.22836340384615392
0 0.9254818461538461 0.9483176574519229 0.1490363076923077 0.10336468509615426
2 0.8437489230769231 0.8677899423076925 0.08173292307692304 0.07692250480769214
2 0.9350966153846153 0.7247576971153846 0.03365415384615411 0.06009811538461485
1 0.8954313846153846 0.7403852019230773 0.021636923076922665 0.048074865384615695
1 0.8677883076923075 0.6658655336538464 0.08653784615384663 0.11057581730769173
2 0.8906264615384617 0.6442309375000002 0.1081747692307693 0.04326919230769244
2 0.8762018461538463 0.5612968076923077 0.11297969230769289 0.05528790865384592
2 0.3978363076923077 0.5408636298076923 0.14182892307692346 0.04326919230769233
1 0.33413661538461525 0.7884600673076925 0.3605760000000002 0.10577014423076969
1 0.6995175384615384 0.7127389807692308 0.2163446153846148 0.05048223557692266
1 0.7896639999999997 0.6742799951923077 0.03605661538461591 0.0697094615384618
1 0.8209156923076921 0.7536053365384612 0.06009600000000037 0.07451966826923073
4 0.30768984615384637 0.5432710000000002 0.0913476923076928 0.10577014423076969
0 0.30648861538461547 0.5432710000000003 0.17548307692307658 0.22115163461538495
0 0.5024024615384617 0.7187506057692309 0.19711507692307662 0.1250019038461534
0 0.641828923076923 0.5769243124999999 0.3461513846153843 0.12500190384615395
0 0.9519236923076924 0.6105776249999997 0.08173292307692315 0.2067300817307688
0 0.8197095384615386 0.8028861538461538 0.24999876923076902 0.07692250480769214
0 0.9675470769230767 0.8822114951923076 0.06490584615384654 0.06250095192307725
