0 0.1670695384615385 0.16706532211538472 0.2043273846153847 0.2235590048076923
2 0.2716356923076923 0.23317506249999992 0.24519384615384607 0.06250095192307673
0 0.4975950769230769 0.20072316826923087 0.22595938461538462 0.08413554807692292
1 0.38701784615384605 0.038460207932692385 0.23557907692307695 0.07692041586538477
1 0.15744984615384622 0.10216153365384623 0.13220923076923086 0.050482235576922926
1 0.17307569230769226 0.0600982932692307 0.12019199999999995 0.05288507211538483
1 0.21514338461538451 0.03245198317307677 0.0697107692307691 0.06490396634615354
1 0.19471261538461532 0.5564925865384616 0.17307569230769226 0.021634596153845997
0 0.06730830769230771 0.5372608269230769 0.13461661538461542 0.21394312499999962
1 0.03605661538461537 0.21154046634615384 0.07211323076923074 0.10577014423076886
1 0.956731076923077 0.045673251201923185 0.08653784615384608 0.09134650240384637
1 0.8533661538461539 0.5132233942307693 0.15865600000000002 0.18028981249999992
1 0.6874978461538461 0.6875015817307693 0.15384615384615374 0.16827109615384617
0 0.8569698461538462 0.8954330817307694 0.1370190769230768 0.1802898124999993
0 0.7632196923076922 0.8112975336538459 0.0985600000000002 0.10817298076923076
0 0.7812480000000002 0.6598553605769232 0.07211323076923071 0.1802898125000001
0 0.8762043076923076 0.7247591490384616 0.10817476923076941 0.02163459615384622
0 0.8882215384615386 0.7680283413461536 0.1081747692307693 0.031250475961538626
