1 0.5408664615384615 0.9879803281249999 0.4326941538461536 0.024039343750000275
1 0.6274043076923076 0.19230725480769245 0.1153870769230767 0.07211683173076913
0 0.5588947692307693 0.1971174615384615 0.05048123076923072 0.18749832211538445
1 0.35336615384615383 0.05168415024038463 0.15865600000000002 0.10336830048076925
1 0.18749784615384613 0.1875015817307692 0.15384615384615385 0.16827109615384606
0 0.3569698461538462 0.39543308173076935 0.13701907692307674 0.1802898124999993
0 0.26321969230769215 0.31129753365384605 0.09856000000000018 0.10817298076923071
0 0.28124800000000016 0.15985536057692315 0.07211323076923076 0.18028981250000015
0 0.3762043076923077 0.22475914903846161 0.10817476923076935 0.02163459615384619
0 0.3882215384615386 0.2680283413461536 0.10817476923076935 0.031250475961538626
