3 0.05528861538461541 0.8930290228365382 0.11057723076923082 0.21394195432692364
0 0.1971150769230769 0.7055290192307693 0.24038399999999993 0.07932534134615399
2 0.20071876923076926 0.7896645673076923 0.2091323076923075 0.10336730769230729
1 0.48918153846153867 0.9507209014423075 0.4591359999999998 0.09855819711538494
3 0.7223581538461539 0.9254809170673075 0.06971076923076902 0.1490381658653851
0 0.590144 0.7139434807692305 0.24278646153846112 0.19711420192307672
1 0.4326941538461537 0.5552882644230769 0.07692307692307665 0.1250019038461534
2 0.6862966153846153 0.5516840096153846 0.3485587692307698 0.15144217307692348
3 0.9242793846153846 0.3581740624999997 0.15144123076923077 0.23076751442307744
0 0.8822104615384615 0.8533669374999999 0.235579076923077 0.11538602403846188
