0 0.0552873846153846 0.20072316826923087 0.1105747692307692 0.08413554807692292
1 0.0024036923076922864 0.038460207932692385 0.004807384615384573 0.07692041586538477
1 0.6274043076923076 0.6923072548076925 0.1153870769230767 0.0721168317307691
0 0.5588947692307693 0.6971174615384614 0.05048123076923072 0.18749832211538442
0 0.8149046153846153 0.19831579807692307 0.28365292307692325 0.15144217307692287
1 0.8040886153846154 0.26923121153846136 0.26202092307692315 0.11538602403846152
1 0.5492800000000001 0.045673251201923185 0.27163569230769236 0.09134650240384637
1 0.9807692307692308 0.006008313701923084 0.038461538461538436 0.012016627403846169
1 0.35336615384615383 0.5132233942307693 0.15865600000000002 0.18028981249999992
1 0.18749784615384613 0.6875015817307693 0.15384615384615385 0.16827109615384617
0 0.3569698461538462 0.8954330817307694 0.13701907692307674 0.1802898124999993
0 0.26321969230769215 0.8112975336538459 0.09856000000000018 0.10817298076923076
0 0.28124800000000016 0.6598553605769232 0.07211323076923076 0.1802898125000001
0 0.3762043076923077 0.7247591490384616 0.10817476923076935 0.02163459615384622
0 0.3882215384615386 0.7680283413461536 0.10817476923076935 0.031250475961538626
