3 0.8569710769230772 0.2475982451923076 0.2860578461538458 0.18269264903846175
0 0.6766818461538461 0.34495392788461554 0.11778953846153795 0.2620179903846147
1 0.866585846153846 0.14663377403846176 0.26682830769230803 0.17788244230769287
1 0.5564898461538464 0.2728370961538464 0.33413415384615397 0.1754796057692304
1 0.4194707692307691 0.38942453846153857 0.08894030769230726 0.12019169711538452
0 0.5048073846153849 0.5877401586538462 0.1298067692307694 0.2908656298076922
0 0.5889427692307692 0.5937517836538463 0.20192492307692284 0.1778824423076928
3 0.6778830769230769 0.985576765625 0.39904000000000045 0.028846468750000076
3 0.5865403076923079 0.8653850685096155 0.13942153846153793 0.269229862980769
3 0.6310104615384616 0.8569717403846155 0.11778953846153795 0.2860565192307689
2 0.5709144615384618 0.6286065144230767 0.06971076923076891 0.09375142788461455
2 0.6298092307692307 0.7127420624999998 0.05288369230769241 0.05048223557692266
1 0.7680295384615383 0.7632197644230769 0.28125046153846145 0.13702062019230865
2 0.5408640000000002 0.980768825721154 0.024039384615384463 0.03846234855769215
1 0.46514215384615365 0.9975954819711538 0.15624861538461565 0.004809036057692451
3 0.012020923076922903 0.3581740624999997 0.024041846153845806 0.23076751442307744
0 0.01922953846153829 0.8533669374999999 0.03845907692307658 0.11538602403846188
