3 0.22115446153846163 0.25961696153846164 0.35577107692307663 0.17788244230769287
0 0.9038473846153847 0.17067120673076902 0.19230523076923045 0.10577014423076911
3 0.8641833846153846 0.30047878365384595 0.27163323076923096 0.1971142019230761
2 0.568512 0.25961696153846164 0.33894400000000013 0.10577014423076966
1 0.27884800000000026 0.21394039903846143 0.04326892307692276 0.11057581730769178
0 0.09855753846153857 0.722357942307692 0.19711507692307714 0.1947113653846153
0 0.7211519999999998 0.899038966346154 0.20192492307692278 0.17307676923076898
2 0.47355569230769246 0.7295664519230769 0.5336516923076923 0.2091329182692312
1 0.02403938461538447 0.21033614423076913 0.04807876923076894 0.07932534134615402
1 0.8545673846153845 0.9122591009615382 0.1274043076923076 0.06490378846153855
1 0.1610584615384618 0.7656271346153845 0.1105772307692311 0.0937514278846151
