3 0.787259076923077 0.009616057692307632 0.1995175384615383 0.019232115384615264
3 0.4999975384615385 0.14783809615384605 0.08653784615384624 0.2956761923076921
3 0.48918153846153845 0.5036076923076924 0.10817476923076913 0.4014414471153841
1 0.35817353846153843 0.30048186538461535 0.22115446153846147 0.03846351923076863
1 0.42307938461538463 0.28966456730769224 0.12019199999999997 0.19951703846153854
3 0.5805292307692308 0.8870187980769231 0.2812504615384615 0.19711420192307672
2 0.4687507692307692 0.8221150096153844 0.024039384615384574 0.23076751442307752
2 0.4194707692307692 0.9891825612980769 0.09856000000000004 0.021634877403846287
0 0.7896615384615384 0.6310078990384612 0.12259446153846143 0.27163387019230734
0 0.9134621538461538 0.5540853942307694 0.10096246153846167 0.22836467788461556
0 0.8088960000000001 0.8389439326923076 0.13701907692307702 0.2740367067307693
2 0.825723076923077 0.9567306670673075 0.10336492307692313 0.08653866586538494
1 0.8762043076923077 0.4663455913461536 0.06971076923076924 0.0673066249999994
1 0.6850953846153847 0.6646612115384618 0.16346092307692306 0.0745196682692314
2 0.7944713846153846 0.7836560240384612 0.036056615384615354 0.12980757692307665
