1 0.9783643076923076 0.35456527403846116 0.0432713846153846 0.10336730769230723
1 0.8786043076923076 0.4314923125000003 0.0985600000000002 0.04086635576923103
2 0.8978387692307693 0.34495392788461554 0.05048123076923061 0.09375142788461505
3 0.8882190769230769 0.15985390865384594 0.07932553846153867 0.30048150961538495
3 0.6346166153846152 0.1802870865384617 0.4423089230769232 0.1250019038461534
0 0.362980923076923 0.19110438461538454 0.08653784615384608 0.10817298076923046
1 0.6574498461538462 0.21273898076923076 0.07452061538461519 0.06009811538461535
1 0.5913476923076922 0.182694456730769 0.057693538461538685 0.06730662499999995
2 0.6706732307692307 0.08774070673076896 0.27403815384615404 0.17548141346153792
2 0.5733193846153846 0.06249822596153829 0.07932553846153878 0.12019169711538397
2 0.37499815384615387 0.11057762499999986 0.03845907692307715 0.07692250480769211
2 0.47355815384615374 0.07812573076923056 0.06730830769230772 0.05528790865384591
0 0.4338929230769231 0.03966244110576948 0.22836676923076904 0.07932488221153897
1 0.30648861538461547 0.021635499999999953 0.06490584615384604 0.04327099999999991
2 0.4038473846153845 0.004806576923076733 0.024039384615384463 0.009613153846153466
1 0.9531249230769232 0.20673188942307683 0.0937501538461537 0.06250095192307781
1 0.947115076923077 0.14663377403846173 0.10576984615384621 0.11538602403846235
1 0.007211076923076995 0.0060091286057689566 0.01442215384615399 0.012018257211537913
