2 0.9278843076923077 0.4471152836538461 0.11057723076923054 0.033653312500000254
2 0.717545846153846 0.4182676442307691 0.15144369230769217 0.03846351923076913
0 0.8545649230769231 0.4110591346153848 0.16105846153846182 0.11057581730769184
0 0.9747593846153846 0.42548068750000023 0.05048123076923072 0.2019244086538466
2 0.5636996923076922 0.7103346923076923 0.04567138461538456 0.09375142788461499
1 0.4879827692307691 0.7319692884615383 0.1201920000000003 0.09375142788461444
0 0.631008 0.8557697740384618 0.15144369230769206 0.22115163461538467
2 0.4807704615384614 0.5540868461538462 0.21634461538461547 0.15144217307692287
2 0.417065846153846 0.361778317307692 0.0985600000000002 0.04567202884615318
2 0.5384590769230768 0.3317292596153846 0.033654153846153556 0.05288507211538512
0 0.5949513846153847 0.6418266490384614 0.13220923076923052 0.11538602403846121
0 0.7307692307692308 0.5649041442307694 0.1394215384615386 0.09615426442307695
0 0.2884603076923078 0.3557712259615389 0.2067298461538463 0.12019169711538452
2 0.1322116923076922 0.27764276923076936 0.12019200000000024 0.03605614903846216
1 0.2728344615384616 0.16346269711538441 0.17548307692307707 0.18749832211538503
1 0.1442289230769231 0.0805285673076922 0.1250018461538464 0.06970946153846187
0 0.039664000000000005 0.25000108173076924 0.07932800000000001 0.08173271153846098
0 0.04086523076923075 0.13581647596153865 0.0817304615384615 0.16105805288461555
0 0.4507199999999999 0.9290863052884616 0.060095999999999816 0.14182738942307682
1 0.3894227692307692 0.9819713774038461 0.07211323076923071 0.036057245192307685
