0 0.07572184615384604 0.03725992307692312 0.15144369230769208 0.07451984615384624
0 0.07932800000000001 0.0925501875 0.07211323076923075 0.060098115384615625
4 0.22836430769230767 0.028846594951923057 0.10096246153846139 0.057693189903846115
2 0.15625107692307694 0.01923193749999992 0.06730830769230722 0.019231759615384574
0 0.2752418461538463 0.5685113028846155 0.23317169230769252 0.0793253413461541
1 0.4278867692307693 0.564902514423077 0.08653784615384658 0.0336533124999997
0 0.7247581538461537 0.4387037259615384 0.2379815384615387 0.07451966826923101
1 0.8822129230769229 0.3930271634615383 0.11538707692307726 0.04567202884615379
0 0.9062510769230769 0.5408650817307692 0.18749784615384613 0.13942345673076934
4 0.915867076923077 0.6177875865384614 0.15384615384615385 0.13461325000000013
1 0.9963950769230769 0.6538482692307692 0.007209846153846011 0.03365331250000003
1 0.9987975384615384 0.49038284615384625 0.0024049230769230823 0.09615426442307695
