0 0.03485538461538477 0.11658648677884614 0.06971076923076953 0.2331729735576923
0 0.09495261538461527 0.0937517836538463 0.18990523076923055 0.17788244230769287
3 0.18870153846153861 0.5528839759615382 0.37740307692307723 0.1634608894230764
3 0.08654030769230796 0.4170693076923079 0.13942153846153799 0.3725983413461538
3 0.13101046153846158 0.38461741346153855 0.11778953846153792 0.3413478653846149
2 0.07091446153846176 0.1286065144230767 0.06971076923076899 0.0937514278846145
2 0.1298092307692307 0.21274206249999986 0.05288369230769245 0.05048223557692266
1 0.2680295384615383 0.2632197644230769 0.28125046153846145 0.13702062019230854
2 0.04086400000000022 0.510816201923077 0.02403938461538447 0.09855710096153825
1 0.021633230769230714 0.5228349182692305 0.04326646153846143 0.05528790865384592
3 0.8689895384615385 0.3545683557692306 0.15624861538461554 0.43990496634615434
1 0.8076923076923077 0.22476077884615392 0.1634609230769235 0.06970946153846183
0 0.1814916923076923 0.6826915528846157 0.09375015384615346 0.0673066249999994
3 0.3725956923076924 0.8341337259615385 0.3605760000000001 0.11538602403846177
3 0.7884627692307694 0.8137005480769233 0.35577107692307663 0.10336730769230718
0 0.6899027692307692 0.9350960709134616 0.16827076923076967 0.12980785817307683
2 0.7067298461538463 0.8401453509615384 0.07211323076923071 0.06970946153846136
