3 0.29327015384615385 0.32091341346153845 0.23557907692307692 0.2908656298076925
0 0.1526424615384615 0.21274043269230786 0.11778953846153847 0.08413554807692292
3 0.10096123076923072 0.312498951923077 0.20192246153846144 0.16827109615384608
2 0.10336738461538461 0.2235577307692308 0.0624984615384616 0.03365331249999998
3 0.23677784615384623 0.6057674182692305 0.12259446153846143 0.37500117788461595
3 0.28725907692307695 0.7848556346153847 0.19951753846153836 0.4302887307692307
1 0.09495261538461541 0.829326423076923 0.18990523076923083 0.11538602403846121
2 0.2908676923076924 0.7307693221153846 0.11538707692307698 0.043269192307691884
1 0.510816 0.6971160096153847 0.2812504615384615 0.07692250480769203
3 0.02163323076923078 0.9987987596153846 0.04326646153846156 0.002402480769230886
