3 0.23677784615384623 0.14663400360576928 0.12259446153846143 0.29326800721153856
3 0.28725907692307695 0.2944716923076923 0.19951753846153836 0.44952084615384585
1 0.09495261538461541 0.32932642307692295 0.18990523076923083 0.11538602403846127
2 0.2908676923076924 0.23076932211538465 0.11538707692307698 0.043269192307691856
1 0.510816 0.19711600961538467 0.2812504615384615 0.07692250480769211
3 0.02163323076923078 0.6466368557692306 0.04326646153846156 0.298078673076923
3 0.021634461538461516 0.9014434843750001 0.04326892307692303 0.19711303124999968
0 0.2896615384615384 0.9975954819711538 0.12259446153846146 0.004809036057692451
0 0.4134621538461538 0.9699515276442308 0.10096246153846167 0.06009694471153837
1 0.37620430769230767 0.9663455913461536 0.06971076923076924 0.0673066249999994
