2 0.22956553846153854 0.024037521634615436 0.19471261538461537 0.04807504326923087
0 0.23557661538461536 0.06250112980769218 0.1826904615384613 0.0625009519230767
0 0.5012012307692308 0.06850813221153852 0.16105846153846176 0.13701626442307704
1 0.7836541538461539 0.031249431490384547 0.4326916923076922 0.06249886298076909
0 0.33413661538461525 0.17427836538461552 0.2548086153846152 0.257212317307692
0 0.06610584615384624 0.4507224423076922 0.13221169230769247 0.15144217307692315
0 0.061298461538461524 0.8233162500000001 0.12259692307692305 0.14182629326923046
1 0.28485661538461543 0.6935086730769231 0.3052898461538459 0.1514421730769232
0 0.8569723076923078 0.7944731442307694 0.13220923076923063 0.19951703846153857
1 0.95072 0.621396375 0.09855999999999987 0.11297865384615424
