0 0.4471163076923078 0.050481509615384626 0.10576738461538437 0.10096301923076925
1 0.20432615384615388 0.015625645432692317 0.40865230769230776 0.03125129086538463
5 0.6358178461538462 0.05288362019230767 0.16586338461538475 0.09615426442307681
5 0.7716356923076924 0.025239258413461547 0.1490363076923077 0.050478516826923094
0 0.7235569230769232 0.09014572115384617 0.15865600000000002 0.17547960576923075
0 0.7812504615384614 0.22115471634615377 0.21634461538461547 0.15384500961538466
0 0.0973563076923077 0.5240390625 0.1947126153846154 0.05769074519230749
1 0.242788923076923 0.5060087211538462 0.10096246153846136 0.040866355769230756
5 0.8786043076923076 0.7692326634615384 0.20432738461538458 0.08653838461538466
1 0.7343729230769231 0.8112959038461539 0.0985600000000002 0.05048223557692322
1 0.9194707692307691 0.843747798076923 0.07932553846153867 0.1057701442307688
