3 0.9567310769230768 0.1802870865384617 0.0865378461538463 0.1250019038461534
0 0.862980923076923 0.19110438461538454 0.08653784615384608 0.10817298076923046
2 0.8749981538461539 0.11057762499999986 0.03845907692307704 0.07692250480769211
2 0.9699519999999999 0.07812573076923056 0.06009600000000015 0.05528790865384591
0 0.9098547692307692 0.03966244110576948 0.1802904615384614 0.07932488221153897
1 0.8064886153846155 0.021635499999999953 0.06490584615384609 0.04327099999999991
2 0.9038473846153845 0.004806576923076733 0.024039384615384463 0.009613153846153466
0 0.23437292307692315 0.025240888221153803 0.12740430769230762 0.050481776442307606
4 0.3533636923076922 0.025239754807692256 0.09134769230769224 0.05047950961538451
1 0.4543261538461539 0.0060091286057689566 0.12019200000000019 0.012018257211537913
1 0.3750006153846155 0.10576741826923042 0.04807876923076948 0.12019169711538451
1 0.24158523076923089 0.11298046153846121 0.021636923076923137 0.1250019038461534
1 0.17548307692307696 0.10216316346153839 0.05769353846153835 0.12740474038461586
