1 0.12740430769230762 0.6923072548076925 0.11538707692307672 0.0721168317307691
0 0.05889476923076924 0.6971174615384614 0.050481230769230695 0.18749832211538442
0 0.31490461538461534 0.19831579807692307 0.28365292307692325 0.15144217307692287
1 0.3040886153846153 0.26923121153846136 0.26202092307692315 0.11538602403846152
1 0.09254892307692313 0.045673251201923185 0.18509784615384625 0.09134650240384637
1 0.503606153846154 0.006008313701923084 0.08413538461538483 0.012016627403846169
0 0.6262006153846154 0.012018805288461656 0.17067323076923036 0.024037610576923312
2 0.9975950769230769 0.0444707884615387 0.0048098461538461645 0.031250475961538626
1 0.8665846153846153 0.1177890384615385 0.20432738461538458 0.13461325000000018
2 0.9110584615384615 0.025241206730769204 0.17788307692307703 0.05048241346153841
4 0.977163076923077 0.5024060961538462 0.04567384615384584 0.14903933653846152
4 0.8281255384615382 0.40384446153846143 0.15144369230769217 0.09134405769230808
0 0.912260923076923 0.4891814278846154 0.08413538461538483 0.17547960576923066
0 0.9651433846153845 0.31129898557692326 0.06971323076923086 0.18990569230769255
1 0.9963950769230769 0.1141847836538462 0.007209846153846011 0.17067393269230743
0 0.7103360000000003 0.6201904230769232 0.09375015384615348 0.18749832211538453
0 0.6502399999999999 0.3822098653846152 0.11297969230769278 0.22115163461538473
0 0.584132923076923 0.6081717067307693 0.1250018461538458 0.24038339423076932
4 0.8076898461538463 0.9951929639423076 0.0913476923076928 0.009614072115384675
0 0.8064886153846155 0.9663475913461539 0.17548307692307663 0.06730481730769222
