0 0.17187692307692315 0.776442625 0.12740430769230762 0.08173271153846151
0 0.3605784615384615 0.7391805240384615 0.23076923076923078 0.07451966826923062
1 0.3233156923076925 0.8569693846153845 0.16105846153846176 0.14663649999999995
3 0.674276923076923 0.585335514423077 0.3629784615384619 0.27163387019230767
0 0.9471150769230772 0.5781270048076923 0.10576984615384566 0.12740474038461524
2 0.7620209230769233 0.703124375 0.33173169230769217 0.12259453365384598
1 0.9987975384615384 0.5516822019230769 0.0024049230769230823 0.04086635576923081
3 0.35817107692307704 0.28124975 0.3413464615384618 0.4375021298076923
0 0.37740553846153857 0.4639423990384615 0.12019199999999969 0.08173271153846151
0 0.593750153846154 0.22235758653846152 0.17788553846153832 0.09855710096153841
2 0.3533661538461541 0.36658671634615386 0.038459076923076596 0.14663650000000006
1 0.12259692307692333 0.5108158461538461 0.13461661538461556 0.05528790865384625
1 0.2668283076923075 0.31370164423076924 0.14423138461538418 0.031250475961538515
