3 0.039664000000000005 0.004806576923077006 0.07932800000000001 0.009613153846154012
0 0.6225944615384614 0.42908494230769223 0.08173292307692304 0.18509548557692262
3 0.4603347692307693 0.5456723846153845 0.35336369230769216 0.11538602403846127
4 0.8834141538461537 0.8281235528846155 0.08413538461538494 0.09375142788461499
1 0.9519224615384614 0.9338936971153844 0.09615507692307712 0.10336730769230729
1 0.8389440000000001 0.700723346153846 0.057693538461538574 0.13221041346153795
1 0.6225944615384614 0.9459129615384617 0.24038400000000038 0.10817407692307657
2 0.5600959999999999 0.9663472728365385 0.37500061538461493 0.06730545432692303
3 0.4002387692307695 0.859374576923077 0.24759630769230734 0.2812508461538462
3 0.3978363076923077 0.7211519903846154 0.3677883076923081 0.13942345673076928
1 0.7007187692307693 0.5588925192307689 0.1466338461538459 0.026440269230769475
4 0.6021636923076923 0.6826930048076919 0.10336492307692313 0.052885072115384624
