0 0.8076947692307693 0.3281248269230768 0.18269046153846125 0.08413554807692292
1 0.944710153846154 0.3088930673076924 0.11057969230769216 0.08894122115384645
1 0.862980923076923 0.26682529326923066 0.043268923076923316 0.10095993749999993
2 0.7295655384615385 0.44831652403846145 0.19471261538461537 0.1995170384615388
0 0.7355766153846153 0.5625011298076923 0.18269046153846136 0.0625009519230767
0 0.960336 0.5372577451923077 0.07932800000000007 0.1995170384615385
0 0.8341366153846153 0.6742783653846155 0.2548086153846152 0.2572123173076919
0 0.07932553846153839 0.4038459134615384 0.07211323076923074 0.22596184134615394
5 0.07091323076923081 0.9771622151442307 0.14182646153846162 0.04567556971153841
2 0.17187446153846148 0.912258923076923 0.2139421538461538 0.16586372596153853
0 0.3425476923076921 0.8161046586538463 0.22355692307692296 0.1610580528846156
0 0.536059076923077 0.9375006778846153 0.192305230769231 0.12499864423076934
