1 0.2403864615384618 0.018030341346153844 0.16827076923076972 0.026440269230769232
1 0.30648861538461547 0.08653838461538463 0.11297969230769286 0.067306625
1 0.584135384615385 0.07932534134615385 0.05288369230769241 0.08173271153846154
1 0.9855753846153844 0.09014263942307693 0.028849230769231182 0.07451966826923077
1 0.06370215384615381 0.05288507211538461 0.06971076923076899 0.05288507211538461
1 0.028846769230769318 0.9375006778846153 0.057693538461538636 0.06250095192307714
1 0.12379815384615366 0.6213961971153845 0.050481230769230695 0.05528790865384614
2 0.3509636923076923 0.1334118317307692 0.21153969230769248 0.05048223557692308
2 0.46274215384615375 0.2584137355769231 0.02644184615384626 0.18028981249999998
2 0.09615507692307709 0.7812482980769231 0.04326892307692276 0.04326919230769222
3 0.23798153846153844 0.6165859903846154 0.4759630769230769 0.5264433509615383
0 0.18990523076923055 0.7608151201923077 0.2932676923076918 0.3052871826923078
5 0.39663507692307687 0.36298246153846153 0.09615261538461523 0.10095993749999999
0 0.17307815384615405 0.07211683173076923 0.16346092307692356 0.13942345673076922
0 0.5745206153846152 0.14663649999999998 0.28846276923076936 0.09134405769230768
