0 0.5192320000000001 0.1250004519230769 0.07211323076923071 0.18269264903846144
1 0.5781267692307692 0.2800468798076923 0.09855999999999965 0.1466365
1 0.5336516923076923 0.3834141875 0.12019199999999963 0.07451966826923062
1 0.3677883076923078 0.3353347884615384 0.13461661538461556 0.06490378846153849
0 0.4290855384615385 0.42788479807692303 0.06490584615384604 0.14903933653846152
0 0.4278843076923077 0.5721139278846155 0.06730830769230778 0.12500190384615384
0 0.2499987692307693 0.8125018557692307 0.08653784615384605 0.20673008173076945
2 0.1923052307692307 0.8076916490384616 0.07211323076923076 0.052885072115384624
0 0.12139323076923084 0.7752397548076924 0.06490584615384604 0.09375142788461543
0 0.31490461538461534 0.6237975817307693 0.09134769230769224 0.1802898125000001
1 0.3064910769230768 0.9507215384615384 0.09375015384615404 0.0985569230769231
1 0.3786043076923076 0.9146632115384614 0.23317169230769252 0.0408663557692307
2 0.4350966153846153 0.7968743509615386 0.33653661538461566 0.23317488461538483
1 0.4483150769230769 0.7139402211538461 0.050481230769231 0.15865521634615387
0 0.6959113846153844 0.681488326923077 0.18509784615384628 0.10336730769230762
1 0.913462153846154 0.6237975817307692 0.15384615384615385 0.06009811538461518
0 0.9747606153846156 0.6742798173076924 0.05047876923076877 0.1322104134615385
1 0.9687495384615386 0.4290862163461539 0.0625009230769229 0.06490378846153844
1 0.8509636923076923 0.7415864423076923 0.10096246153846145 0.06490378846153844
1 0.9290880000000001 0.7463921153846154 0.06490584615384654 0.060098115384615625
0 0.9975975384615385 0.8882217199519231 0.004804923076922929 0.22355656009615366
