2 0.39543138461538463 0.09976014903846156 0.43509661538461536 0.19952029807692312
2 0.22836676923076904 0.3137021406250001 0.40384492307692293 0.6274042812500003
0 0.45552738461538445 0.4230747692307695 0.1562486153846156 0.2980786730769225
0 0.7115372307692306 0.3629811875000002 0.2596135384615388 0.36538529807692327
0 0.015625846153846205 0.670671206730769 0.03125169230769241 0.10577014423076914
0 0.09976123076923052 0.769232841346154 0.1370190769230773 0.24038339423076904
3 0.24279015384615393 0.800478783653846 0.48558030769230787 0.19711420192307605
3 0.2800492307692306 0.9194711514423077 0.2956750769230773 0.16105769711538465
3 0.6959113846153844 0.9314910012019231 0.33413415384615397 0.13701799759615396
0 0.7692307692307693 0.7800501394230772 0.17788553846153832 0.3004815096153849
2 0.5805292307692309 0.8894245384615386 0.2379815384615387 0.05288507211538507
