1 0.3317316923076924 0.18629690384615383 0.03365415384615361 0.09375142788461541
1 0.018029538461538354 0.0396649375 0.03605907692307671 0.05048223557692308
0 0.04807876923076922 0.0637023701923077 0.0817329230769231 0.10336730769230772
0 0.06610461538461543 0.24639501923076923 0.13220923076923086 0.28124974999999997
0 0.23678030769230785 0.30889597115384615 0.16586338461538477 0.18028981249999998
0 0.5973563076923074 0.18629690384615383 0.1658633846153842 0.18990569230769228
0 0.5192320000000001 0.625000451923077 0.07211323076923071 0.18269264903846139
1 0.5781267692307692 0.7800468798076923 0.09855999999999965 0.14663650000000006
1 0.5336516923076923 0.8834141875 0.12019199999999963 0.07451966826923062
1 0.3677883076923078 0.8353347884615384 0.13461661538461556 0.06490378846153844
0 0.4290855384615385 0.9266825649038462 0.06490584615384604 0.1466348701923077
1 0.9687495384615386 0.929086216346154 0.0625009230769229 0.06490378846153855
