2 0.3978387692307691 0.027644858173076978 0.18028800000000006 0.055289716346153955
1 0.7391803076923077 0.01201962019230753 0.3677883076923081 0.02403924038461506
2 0.3906264615384617 0.3353380480769231 0.03125169230769237 0.15144217307692343
2 0.24759630769230787 0.32211337980769217 0.052883692307692465 0.09134405769230808
1 0.1394215384615385 0.17668283173076915 0.08653784615384662 0.11778886057692317
2 0.31610584615384596 0.5048060288461537 0.13701907692307733 0.10095993750000026
2 0.40625230769230786 0.02764372475961543 0.15384615384615385 0.05528744951923086
0 0.5552886153846155 0.06971036538461534 0.12019199999999974 0.13942073076923067
0 0.43990153846153823 0.20793330769230778 0.12019199999999969 0.1370206201923069
0 0.3076923076923077 0.16586553365384632 0.08653784615384663 0.24038339423076904
3 0.5673058461538458 0.3317292596153846 0.20192492307692278 0.15865521634615426
0 0.2127409230769228 0.5649041442307693 0.09375015384615343 0.13942345673076934
0 0.18509784615384625 0.3305278413461539 0.05769353846153863 0.21874879807692227
0 0.061299692307692326 0.3293264230769227 0.12259938461538465 0.15384500961538422
2 0.14182892307692294 0.3533638557692308 0.062498461538461045 0.03846351923076863
0 0.020433230769230776 0.671875706730769 0.04086646153846155 0.18990569230769194
1 0.1358178461538459 0.7067304375 0.06971076923076899 0.1730767692307691
1 0.037260307692307586 0.4338951490384614 0.07452061538461517 0.10817298076923104
2 0.18990400000000016 0.7499990444711537 0.3798080000000003 0.5000019110576926
2 0.4170683076923079 0.7439896862980768 0.28605538461538493 0.5120206274038461
3 0.028846769230769044 0.9819713774038459 0.05769353846153809 0.03605724519230824
0 0.8329304615384617 0.9975954819711538 0.06490584615384654 0.004809036057692451
0 0.8774055384615386 0.9603367812500002 0.0913476923076928 0.07932643749999957
0 0.8557686153846153 0.9206735625000002 0.13461661538461556 0.12019169711538391
