0 0.0312492307692308 0.6069690144230772 0.0624984615384616 0.15144217307692287
0 0.09254769230769232 0.45312400480769266 0.18509538461538463 0.08894122115384562
0 0.25961600000000007 0.3846159615384617 0.19230523076923098 0.05769074519230777
0 0.3377403076923076 0.3004804134615383 0.21875199999999986 0.08653838461538482
0 0.23317415384615386 0.6826901009615386 0.14423138461538468 0.12019169711538447
0 0.39903753846153833 0.7223550384615387 0.1298067692307694 0.05528790865384592
2 0.2944713846153846 0.5372595528846156 0.10817476923076932 0.26682819711538525
2 0.1478363076923076 0.4519225865384614 0.2956726153846152 0.20673008173076884
0 0.5817329230769231 0.2932673701923075 0.24999876923076908 0.0913440576923075
2 0.39543384615384625 0.17547850961538486 0.05048123076923072 0.1586552163461531
3 0.48317292307692317 0.048077717548076965 0.2548086153846152 0.09615543509615393
1 0.8798067692307694 0.10096165624999998 0.24038646153846122 0.20192331249999995
