0 0.9543273846153846 0.9867785913461536 0.09134523076923096 0.026442817307692712
1 0.9639433846153844 0.23196928846153825 0.07211323076923104 0.09375142788461452
2 0.9362990769230768 0.06490396634615382 0.1274018461538463 0.12980793269230764
2 0.9387027692307692 0.5949517499999999 0.02644184615384615 0.14182629326923069
0 0.9507199999999999 0.44591241346153837 0.06009599999999993 0.17547960576923038
1 0.8894227692307692 0.504809110576923 0.07211323076923082 0.08173271153846157
1 0.963940923076923 0.9278851538461539 0.07211815384615394 0.019231759615384814
1 0.8161033846153847 0.9026463028846157 0.11297969230769234 0.08413554807692292
0 0.9110596923076921 0.8689884567307689 0.08653784615384608 0.15144217307692287
0 0.935094153846154 0.7271621634615384 0.06730830769230778 0.13221041346153795
1 0.10216369230769227 0.9507201754807695 0.12740430769230762 0.09855964903846093
0 0.10576738461538464 0.7043261490384618 0.18750030769230774 0.15384500961538417
1 0.6935089230769231 0.7211550721153845 0.08413538461538483 0.019231759615384814
0 0.5528861538461538 0.7283635817307691 0.18750030769230747 0.06250095192307725
1 0.388219076923077 0.31730625480769237 0.0456713846153845 0.13461325000000046
0 0.290865230769231 0.1790887499999996 0.19230523076923084 0.16105805288461555
1 0.24879753846153846 0.06370272596153807 0.036056615384615354 0.0649037884615386
0 0.13100799999999996 0.045673340144230516 0.14663384615384617 0.09134668028846103
