0 0.14182892307692296 0.1718769807692307 0.07211323076923074 0.1658637259615383
0 0.0973538461538461 0.030048739182692276 0.10336492307692315 0.06009747836538455
0 0.6610559999999999 0.2247575192307692 0.17788553846153832 0.04567202884615404
0 0.573316923076923 0.2800499615384614 0.07452061538461519 0.07451966826923079
1 0.7439901538461539 0.28004996153846157 0.2956750769230774 0.04567202884615407
0 0.5661046153846157 0.1153831201923077 0.09375015384615348 0.1442291298076922
0 0.45913599999999977 0.04326887379807694 0.08173292307692304 0.08653774759615387
2 0.6045686153846154 0.027644769230769237 0.09375015384615337 0.05528953846153847
1 0.049278769230769424 0.16826819230769213 0.09855753846153885 0.07692250480769225
1 0.06129723076923072 0.902643043269231 0.12259446153846144 0.10336730769230795
