1 0.0024036923076922864 0.9987975372596154 0.004807384615384573 0.0024049254807692044
0 0.8750006153846155 0.02283528846153844 0.11057723076923054 0.04567057692307688
2 0.8882190769230769 0.6526452211538463 0.1274043076923076 0.1129786538461538
2 0.9831729230769229 0.3521637115384615 0.03365415384615411 0.49759571153846166
0 0.9338941538461538 0.7800499615384615 0.13221169230769247 0.09855710096153836
0 0.7499987692307694 0.7331719807692308 0.17307569230769215 0.07692250480769203
0 0.4471163076923078 0.733171980769231 0.17307569230769215 0.12980757692307687
1 0.5492800000000001 0.8894231382211538 0.27163569230769236 0.22115372355769236
1 0.4903852307692309 0.635816298076923 0.07211323076923076 0.09375142788461543
1 0.9807692307692308 0.9879802391826924 0.038461538461538436 0.024039521634615202
