0 0.530048 0.0985589086538461 0.09375015384615382 0.1730767692307691
2 0.5817304615384615 0.012018486778846257 0.12500184615384613 0.024036973557692513
1 0.03365415384615385 0.5048060288461537 0.03365415384615384 0.0673066249999994
4 0.2944689230769231 0.2331721586538463 0.05048123076923072 0.08653838461538482
1 0.20192492307692306 0.09976032692307676 0.13942153846153846 0.18028981250000042
0 0.06249846153846154 0.5721171875000002 0.12019200000000001 0.06730662499999995
0 0.14663384615384614 0.6550467836538462 0.08653784615384613 0.07451966826923129
0 0.0564923076923077 0.6911074663461539 0.10817476923076924 0.0793253413461541
0 0.2644233846153846 0.7079318557692309 0.2644233846153846 0.08894122115384617
0 0.23076923076923078 0.5961546201923074 0.15865600000000002 0.08653838461538488
1 0.23798153846153847 0.5192321153846152 0.0769230769230769 0.06730662499999934
