4 0.05048000000000003 0.038462882211538485 0.10096000000000006 0.07692576442307697
0 0.9603372307692309 0.8293264230769227 0.07932553846153811 0.15384500961538428
1 0.915867076923077 0.9338951490384615 0.168265846153846 0.10817298076923099
0 0.6718769230769231 0.8569726442307692 0.08413538461538494 0.0745196682692314
0 0.7668283076923075 0.8882231201923079 0.1298067692307694 0.06009811538461529
0 0.4338953846153844 0.9483176574519229 0.1658633846153842 0.10336468509615426
0 0.5576910769230767 0.980770685096154 0.07211323076923071 0.03845862980769199
1 0.5649033846153846 0.8269235865384617 0.024039384615384463 0.06250095192307725
2 0.34374892307692306 0.8677899423076925 0.08173292307692315 0.07692250480769214
2 0.4350966153846153 0.7247576971153846 0.03365415384615417 0.06009811538461485
1 0.39543138461538463 0.7403852019230773 0.02163692307692272 0.048074865384615695
1 0.3677883076923075 0.6658655336538464 0.08653784615384663 0.11057581730769173
2 0.3906264615384617 0.6442309375000002 0.10817476923076935 0.04326919230769244
2 0.37620184615384633 0.5612968076923077 0.11297969230769284 0.05528790865384592
1 0.007212307692307663 0.7884600673076925 0.014424615384615326 0.10577014423076969
1 0.19951753846153836 0.7127389807692308 0.2163446153846149 0.05048223557692266
1 0.28966399999999976 0.6742799951923077 0.03605661538461591 0.0697094615384618
1 0.3209156923076921 0.7536053365384612 0.06009600000000037 0.07451966826923073
0 0.05048000000000003 0.7187506057692309 0.10096000000000006 0.1250019038461534
0 0.15745230769230753 0.5769243124999999 0.31490461538461506 0.12500190384615395
0 0.45192369230769236 0.6105776249999997 0.08173292307692309 0.2067300817307688
0 0.3197095384615386 0.8028861538461538 0.24999876923076905 0.07692250480769214
0 0.5168246153846152 0.8822114951923076 0.16346092307692356 0.06250095192307725
0 0.6334129230769234 0.7668254711538462 0.22355692307692288 0.10577014423076969
2 0.9795679999999999 0.9999990444711537 0.040864000000000233 1.9110576926495426e-06
