0 0.7752418461538463 0.5504811394230771 0.21875199999999984 0.10095993750000032
2 0.9399040000000001 0.5036076923076924 0.12019199999999997 0.045672028846153234
1 0.8870203076923078 0.18870009615384611 0.22595938461538456 0.09375142788461505
1 0.8425476923076923 0.9807703665865385 0.31490461538461534 0.03845926682692302
3 0.6153846153846154 0.8653832091346154 0.20192492307692278 0.2692335817307693
0 0.4771643076923077 0.9783652632211537 0.15624861538461554 0.043269473557692506
1 0.6358153846153846 0.9591335036057694 0.20432738461538458 0.08173299278846113
1 0.4170683076923076 0.9483183317307691 0.15144369230769206 0.07932534134615454
1 0.5156233846153846 0.7379794615384616 0.3100947692307694 0.05769074519230777
1 0.057691076923076956 0.8341350000000001 0.11538215384615391 0.33172999999999975
3 0.07091323076923074 0.4495212019230771 0.14182646153846148 0.46153956250000044
0 0.021634461538461516 0.3137020000000001 0.04326892307692303 0.13702062019230746
1 0.18389661538461538 0.576921408653846 0.16586338461538475 0.03846351923076852
1 0.17548307692307702 0.5012003221153846 0.16346092307692311 0.07451966826923079
