0 0.431488 0.030047287259615328 0.08413538461538489 0.060094574519230656
2 0.3978387692307691 0.4903859278846155 0.18028800000000006 0.12980757692307698
1 0.7391803076923077 0.4483181538461536 0.3677883076923081 0.15144217307692281
1 0.6586535384615386 0.42067193269230785 0.1105772307692311 0.1298075769230772
2 0.3906264615384617 0.835338048076923 0.03125169230769237 0.15144217307692343
2 0.24759630769230787 0.8221133798076922 0.052883692307692465 0.09134405769230813
1 0.1394215384615385 0.6766828317307692 0.08653784615384662 0.11778886057692306
2 0.31610584615384596 0.9771630300480768 0.13701907692307733 0.04567393990384638
2 0.40625230769230786 0.45432524519230755 0.15384615384615385 0.2019244086538466
0 0.5204332307692305 0.40384754326923067 0.05528615384615426 0.18749832211538475
0 0.5552886153846155 0.5624982259615385 0.12019199999999974 0.15384500961538422
0 0.43990153846153823 0.7079333076923078 0.12019199999999969 0.13702062019230699
0 0.3076923076923077 0.6658655336538464 0.08653784615384663 0.24038339423076904
3 0.5673058461538458 0.8317292596153847 0.20192492307692278 0.1586552163461542
0 0.2127409230769228 0.9975962079326923 0.09375015384615343 0.00480758413461535
0 0.18509784615384625 0.8305278413461539 0.05769353846153863 0.21874879807692238
0 0.061299692307692326 0.8293264230769227 0.12259938461538465 0.15384500961538428
2 0.14182892307692294 0.8533638557692308 0.062498461538461045 0.03846351923076852
1 0.037260307692307586 0.9338951490384615 0.07452061538461517 0.10817298076923099
2 0.18990400000000016 0.9999990444711537 0.3798080000000003 1.9110576926495426e-06
2 0.4170683076923079 0.9939896862980769 0.28605538461538493 0.01202062740384613
