1 0.06370215384615381 0.47836558173076926 0.08413538461538486 0.12980757692307665
0 0.11778953846153847 0.4014430769230769 0.23557907692307695 0.1730767692307691
0 0.3353378461538461 0.060096663461538476 0.12740430769230765 0.12019332692307695
0 0.4807704615384617 0.06610488822115382 0.07692307692307687 0.13220977644230764
2 0.4326916923076922 0.021636225961538427 0.08173292307692315 0.04326919230769227
0 0.40745107692307686 0.25360515865384614 0.09375015384615348 0.12740474038461516
0 0.3221144615384617 0.3689911826923077 0.10096246153846145 0.10336730769230801
1 0.48557538461538463 0.2644224567307693 0.09615261538461523 0.03846351923076943
1 0.5793255384615388 0.05288670192307692 0.1105772307692311 0.08173271153846143
1 0.2920689230769228 0.27043408173076916 0.1370190769230773 0.06009811538461565
1 0.5516824615384616 0.6442293076923077 0.16586338461538425 0.06730662500000029
1 0.4278867692307693 0.5877399807692308 0.028844307692308002 0.18028981250000015
1 0.23437538461538474 0.7067302596153847 0.1514436923076921 0.038463519230769405
0 0.3701932307692306 0.7067302596153847 0.20672984615384632 0.08173271153846184
5 0.9038449230769229 0.9170691298076922 0.0913476923076928 0.14182629326923046
0 0.9314880000000001 0.9915860348557692 0.08413538461538483 0.016827930288461412
1 0.9663458461538461 0.8762027740384616 0.06730830769230778 0.05048223557692322
1 0.9867790769230769 0.024039062499999986 0.02644184615384626 0.028847639423077
