0 0.05408615384615386 0.12019024519230767 0.10817230769230772 0.17307676923076915
3 0.8449513846153847 0.5600952115384615 0.3100972307692308 0.07211683173076922
0 0.9543261538461538 0.49038574999999995 0.09134769230769224 0.22596184134615388
3 0.7908652307692309 0.6105774471153846 0.2451938461538461 0.46634523557692326
3 0.20553107692307693 0.8713940192307691 0.3725981538461539 0.23317488461538471
0 0.532452923076923 0.948318701923077 0.3437489230769231 0.10336259615384613
5 0.4254793846153846 0.34735350480769245 0.11057723076923082 0.27163387019230767
1 0.35576861538461546 0.8485580048076924 0.1778855384615386 0.10577014423076914
1 0.7860553846153846 0.3701940528846154 0.18269046153846136 0.08653838461538449
1 0.7620209230769233 0.4591352740384615 0.19711507692307695 0.08653838461538454
1 0.2632196923076923 0.9627413882211537 0.0985599999999999 0.07451722355769241
2 0.3425501538461538 0.6838956971153846 0.20432738461538455 0.3918255673076922
