0 0.4627396923076924 0.055289131009615335 0.3918276923076926 0.11057826201923067
0 0.8221144615384617 0.5120174423076924 0.07692307692307687 0.15865521634615365
3 0.5348578461538465 0.7872591971153846 0.08894030769230732 0.4254816057692309
0 0.2872615384615385 0.8305292932692309 0.1466338461538459 0.07451966826923107
1 0.03365415384615375 0.5120174423076924 0.0673083076923075 0.0336533124999997
1 0.1610584615384615 0.11418478365384621 0.23076923076923078 0.10336730769230802
2 0.34374892307692306 0.03605737139423076 0.13461661538461556 0.07211474278846151
1 0.3341341538461539 0.7524053701923079 0.1682707692307692 0.11538602403846177
1 0.1478350769230768 0.8377423365384616 0.20432738461538452 0.07932534134615432
2 0.6682683076923078 0.3473551346153846 0.24999876923076902 0.4447106394230771
4 0.819712 0.07692268269230787 0.1442313846153841 0.12019169711538452
