0 0.2235569230769231 0.21153883653846156 0.2019249230769231 0.062500951923077
0 0.2355790769230769 0.2752412067307693 0.19230523076923076 0.0793253413461539
0 0.18389661538461538 0.586540014423077 0.2427864615384615 0.12019169711538458
0 0.2439926153846154 0.7415864423076923 0.1322092307692308 0.17547960576923105
1 0.1346166153846154 0.3605781730769231 0.19230523076923078 0.1346132499999999
1 0.2608196923076923 0.8269234086538462 0.08413538461538461 0.08653838461538454
1 0.3281230769230769 0.7884598894230769 0.17067323076923077 0.024037432692307847
0 0.4567286153846154 0.6899027884615385 0.08173292307692309 0.0913440576923078
2 0.37740307692307695 0.6346148798076924 0.13461661538461545 0.028847639423077
0 0.6814916923076924 0.6310106249999998 0.1514436923076924 0.26201799038461526
2 0.5769255384615385 0.6478350144230769 0.15384615384615397 0.06490378846153844
1 0.6490387692307693 0.810094485576923 0.12500184615384613 0.13461325000000024
1 0.8149021538461538 0.7644224567307694 0.23076923076923073 0.10095993749999999
2 0.7824541538461538 0.7091345480769231 0.08894030769230754 0.038463519230769516
1 0.8365390769230769 0.5889428509615384 0.07211323076923082 0.09615426442307695
2 0.8185083076923076 0.26682674519230776 0.3629833846153846 0.4423078028846154
2 0.8389415384615384 0.3341340961538461 0.18750030769230774 0.6682681923076922
