0 0.7728369230769232 0.020432859374999987 0.08413538461538494 0.040865718749999974
0 0.546875076923077 0.06730825480769233 0.05528861538461549 0.09615426442307683
0 0.28966400000000003 0.7091353629807693 0.06971076923076897 0.05769301201923094
0 0.37139446153846145 0.8798070288461539 0.03124923076923053 0.05769301201923094
1 0.23437538461538476 0.7307699591346155 0.060095999999999844 0.0336533124999997
0 0.16105846153846148 0.8485588197115383 0.038461538461538464 0.03365331249999981
1 0.38341415384615374 0.890624326923077 0.02644184615384626 0.02163459615384622
0 0.6430276923076922 0.7812499278846152 0.02163446153846138 0.0336533124999997
0 0.9507199999999999 0.7944700625000002 0.02163446153846138 0.026442536057692312
1 0.9314904615384616 0.8004816875 0.02163446153846138 0.01923175961538459
