1 0.32451692307692304 0.027644539663461715 0.1057673846153846 0.05528907932692343
0 0.2740406153846154 0.20432614903846186 0.09615261538461548 0.17788244230769235
1 0.2620184615384616 0.1117806730769231 0.052883692307692215 0.09375142788461505
1 0.24639261538461535 0.2439910865384614 0.0456713846153845 0.18509548557692312
0 0.3449526153846154 0.32571926442307675 0.16105846153846148 0.07932534134615404
1 0.3004824615384615 0.30649203846153866 0.04326892307692304 0.05528790865384592
0 0.48677661538461536 0.5108192836538463 0.1322092307692308 0.1610580528846156
1 0.5576935384615385 0.6526455769230768 0.062498461538461614 0.14663649999999961
0 0.21153723076923073 0.7295680817307691 0.08173292307692309 0.04086635576923103
0 0.019232000000000003 0.7391839615384617 0.038464000000000005 0.02163459615384611
