0 0.49158892307692303 0.13942273076923076 0.09375015384615398 0.2788454615384615
0 0.4987963076923078 0.7475980673076922 0.18028800000000011 0.13942345673076928
0 0.2379815384615385 0.5961558942307692 0.28846276923076924 0.07211683173076922
0 0.3173070769230768 0.7992771875 0.10576738461538432 0.15624784615384646
0 0.1899027692307692 0.8846141538461538 0.062498461538461586 0.16346088942307668
0 0.13100799999999999 0.9122591526442309 0.06490584615384604 0.1754816947115383
1 0.009616000000000017 0.3004800576923077 0.019232000000000034 0.04807486538461542
1 0.4759630769230769 0.3245174903846153 0.043268923076923316 0.12019169711538463
1 0.26802707692307703 0.8245205721153845 0.11778953846153845 0.028847639423077
1 0.3762018461538461 0.8076916490384615 0.08894030769230782 0.024037432692307847
