15 0.100586 0.128579 0.109375 0.063097
16 0.041016 0.058324 0.067383 0.032874
17 0.037842 0.085896 0.010254 0.012725
17 0.024414 0.081919 0.011719 0.012195
17 0.033447 0.170467 0.018066 0.019618
17 0.237305 0.094910 0.017578 0.021209
16 0.034912 0.033404 0.018066 0.028632
16 0.089355 0.076087 0.099609 0.024920
18 0.122803 0.080859 0.080566 0.034464
15 0.084717 0.032078 0.117676 0.050371
16 0.017334 0.124867 0.030762 0.054613
16 0.087158 0.211559 0.048340 0.044539
16 0.071533 0.250265 0.027832 0.041357
16 0.178955 0.092259 0.037598 0.018028
16 0.067139 0.343849 0.057129 0.018558
16 0.014648 0.341729 0.028320 0.014316
16 0.009033 0.290297 0.017090 0.014316
18 0.023438 0.250265 0.045898 0.019088
16 0.013672 0.267497 0.016602 0.027041
15 0.058350 0.272800 0.104004 0.023860
15 0.204834 0.181336 0.118652 0.135737
15 0.214844 0.153765 0.096680 0.062566
15 0.141602 0.201485 0.057617 0.074231
15 0.124268 0.224019 0.062988 0.076882
19 0.049805 0.225080 0.017578 0.010074
19 0.024658 0.231442 0.028809 0.021739
19 0.061279 0.185048 0.018066 0.009544
19 0.204590 0.092789 0.042969 0.010604
19 0.052979 0.029427 0.020020 0.027041
20 0.019531 0.023860 0.013672 0.005302
16 0.068115 0.382556 0.052246 0.048250
16 0.054443 0.418081 0.053223 0.036585
16 0.016602 0.349417 0.032227 0.016967
18 0.284912 0.158537 0.061035 0.050901
16 0.322754 0.240191 0.043945 0.066808
16 0.285400 0.068134 0.033691 0.032344
15 0.173096 0.084571 0.108887 0.042948
18 0.255615 0.098091 0.069824 0.024390
