1 0.2343753846153846 0.5480773100961537 0.026441846153846232 0.038461252403846125
1 0.45552984615384606 0.5108174759615385 0.016827076923076778 0.026442536057692312
1 0.5625009230769231 0.7956737475961537 0.08173046153846142 0.04326919230769233
1 0.8954338461538462 0.8185097620192308 0.02163446153846138 0.021634596153845886
1 0.8665870769230769 0.7692312115384614 0.031249230769230474 0.014423819711538166
1 0.7644233846153847 0.13701998317307695 0.019229538461538298 0.04326919230769241
1 0.36177969230769236 0.09976014903846149 0.02644184615384626 0.026442536057692423
1 0.27764430769230763 0.15384663942307686 0.021634461538461602 0.04326919230769227
0 0.26442338461538467 0.06730825480769231 0.07211569230769235 0.05769301201923076
0 0.28966400000000003 0.10817234375000001 0.03124923076923075 0.04326919230769227
1 0.29086523076923076 0.07932697115384617 0.014422153846153696 0.01923175961538484
0 0.527643076923077 0.2451929639423077 0.06490338461538464 0.03846125240384607
0 0.34014523076923076 0.09254710576923077 0.021634461538461658 0.04567202884615376
0 0.1598547692307693 0.8377392548076924 0.06971076923076926 0.05047996875000016
0 0.6249993846153847 0.8389429399038462 0.05288369230769219 0.05769301201923094
0 0.9663458461538461 0.9939900048076923 0.057693538461538685 0.012019990384615431
0 0.31610584615384607 0.6021638004807693 0.07451815384615385 0.04567202884615407
0 0.19110646153846156 0.512018894230769 0.0649033846153847 0.03846125240384607
