1 0.12379815384615393 0.06730825480769226 0.016827076923077083 0.06250095192307698
1 0.5841353846153845 0.1814905937500001 0.024039384615384463 0.0745196682692309
1 0.8882215384615386 0.11658680528846148 0.012019692307692176 0.012018716346153924
1 0.7728369230769232 0.3269234086538463 0.05048123076923061 0.052885072115384846
1 0.8617796923076924 0.3918271971153847 0.02644184615384626 0.033653312499999755
1 0.9218756923076922 0.4230776730769231 0.02644184615384626 0.03846125240384607
1 0.37139446153846145 0.49399081971153846 0.05528861538461555 0.05528790865384586
1 0.34615384615384615 0.3689911826923077 0.038461538461538436 0.055287908653846196
1 0.23437538461538474 0.5625011298076923 0.05048123076923067 0.0336533124999997
1 0.06730830769230778 0.4951922379807693 0.028846769230769315 0.014423819711538277
1 0.4134621538461539 0.7307699591346155 0.05769353846153863 0.0336533124999997
0 0.17187446153846153 0.6189904567307694 0.08413538461538483 0.09374916105769249
0 0.4519236923076924 0.9807693034855768 0.043268923076923316 0.038461393028846436
0 0.39543384615384625 0.9459134393028846 0.09375015384615404 0.10817312139423074
0 0.38822153846153856 0.7884607043269232 0.02163446153846138 0.09134632451923086
0 0.332932923076923 0.7319713774038463 0.08413538461538489 0.0264425360576922
0 0.3509612307692307 0.7800485096153844 0.03846153846153849 0.06971172836538464
0 0.10216369230769226 0.12620268509615384 0.045673846153846384 0.06971172836538467
0 0.11538461538461539 0.146633596153846 0.043268923076923316 0.1057701442307691
0 0.12499938461538453 0.4915857163461539 0.08653784615384605 0.0360584158653845
0 0.3064910769230768 0.03365356069711542 0.04086646153846152 0.06730712139423084
0 0.44591261538461535 0.01923087439903847 0.08413538461538489 0.03846174879807694
0 0.7776443076923077 0.3425486466346153 0.06971076923076902 0.06009584855769223
0 0.9002412307692308 0.23076914423076916 0.04086646153846152 0.03365331249999973
0 0.8689895384615385 0.12259616346153843 0.031249230769230585 0.03365331249999996
0 0.5697107692307692 0.27523975480769225 0.03365415384615367 0.11778886057692317
0 0.3353353846153845 0.42788561298076944 0.040866461538461574 0.07211456490384632
1 0.6586535384615384 0.25961451682692294 0.038461538461538436 0.028845372596154162
1 0.6358178461538462 0.254806576923077 0.012019692307692287 0.03846125240384604
