1 0.06250092307692307 0.29567374759615384 0.0817304615384615 0.04326919230769238
1 0.39543384615384625 0.3185097620192308 0.02163446153846138 0.021634596153845886
1 0.3665870769230769 0.2692312115384614 0.03124923076923053 0.014423819711538222
1 0.23317415384615392 0.5829328557692309 0.014422153846153862 0.016826656249999905
1 0.4987987692307691 0.5276449471153848 0.012019692307692176 0.016826656249999794
1 0.8713944615384615 0.010817387019230705 0.0552886153846156 0.02163477403846141
1 0.7343753846153847 0.0625011298076922 0.05048123076923072 0.033653312499999706
1 0.5673083076923078 0.0012020739182691915 0.02884676923076923 0.002404147836538383
1 0.9134621538461539 0.23076995913461545 0.057693538461538685 0.0336533124999997
1 0.9350966153846153 0.5120197091346155 0.02884676923076923 0.014423819711538166
1 0.8966350769230769 0.5168276490384615 0.03365415384615367 0.024037432692307847
0 0.24278892307692296 0.6033660336538462 0.07211569230769224 0.04326919230769233
0 0.12499938461538465 0.33894293990384616 0.05288369230769217 0.05769301201923088
0 0.4663458461538461 0.514422545673077 0.057693538461538685 0.05288507211538479
0 0.6718744615384615 0.11899045673076933 0.08413538461538494 0.0937491610576925
0 0.9519236923076924 0.49038511298076926 0.043268923076923316 0.057693012019231216
0 0.8954338461538462 0.45312527884615394 0.09375015384615404 0.12259680048076954
0 0.8882215384615386 0.28846070432692317 0.02163446153846138 0.09134632451923091
0 0.8329329230769231 0.23197137740384627 0.08413538461538483 0.026442536057692284
0 0.8509612307692307 0.2800485096153845 0.038461538461538436 0.0697117283653847
0 0.6249993846153845 0.004807462139423043 0.08653784615384608 0.009614924278846085
