1 0.3028849230769231 0.09855791586538454 0.03365415384615389 0.04326919230769226
1 0.40384738461538466 0.17307758413461535 0.03365415384615389 0.03365331249999998
1 0.24278892307692312 0.09254855769230771 0.014422153846153724 0.01201871634615391
1 0.7944713846153846 0.03846206730769231 0.09375015384615404 0.06250095192307692
1 0.9987981538461538 0.12019251201923073 0.00240369230769244 0.0673066250000001
1 0.45552984615384606 0.9987981039663462 0.016827076923076778 0.002403792067307675
1 0.7644233846153847 0.637019983173077 0.019229538461538298 0.04326919230769244
1 0.5625009230769231 0.40024084375 0.01922953846153852 0.012018716346153924
1 0.36177969230769236 0.5997601490384614 0.02644184615384626 0.026442536057692423
1 0.27764430769230763 0.6538466394230769 0.021634461538461602 0.04326919230769222
0 0.21514338461538457 0.10937521394230768 0.04567384615384612 0.03125047596153842
0 0.7379815384615385 0.11778740865384618 0.038461538461538436 0.1009622043269231
0 0.26442338461538467 0.5673082548076923 0.07211569230769235 0.057693012019230716
0 0.28966400000000003 0.60817234375 0.03124923076923075 0.04326919230769233
1 0.29086523076923076 0.5793269711538462 0.014422153846153696 0.019231759615384925
0 0.527643076923077 0.7451929639423076 0.06490338461538464 0.038461252403846014
0 0.532452923076923 0.4122595600961538 0.10336492307692319 0.04086635576923092
0 0.5925489230769232 0.40264368028846165 0.045673846153846065 0.026442536057692423
0 0.34014523076923076 0.5925471057692308 0.021634461538461658 0.045672028846153845
0 0.19110646153846156 0.996394134014423 0.0649033846153847 0.0072117319711539896
1 0.00841292307692307 0.1778855240384615 0.01682584615384614 0.019231759615384703
1 0.7139421538461539 0.27524120673076924 0.04807630769230764 0.021634596153846053
