1 0.19591384615384616 0.3329334038461539 0.016827076923076806 0.021634596153846164
1 0.4819716923076923 0.15985663461538463 0.045673846153846176 0.036058415865384635
1 0.3028849230769231 0.5985579158653845 0.03365415384615389 0.04326919230769222
1 0.40384738461538466 0.6730775841346154 0.03365415384615389 0.03365331250000003
1 0.24278892307692312 0.5925485576923077 0.014422153846153724 0.012018716346153924
1 0.7944713846153846 0.5384620673076923 0.09375015384615404 0.06250095192307681
1 0.32812553846153847 0.2740389735576923 0.031249230769230807 0.038461252403846125
1 0.9987981538461538 0.6201925120192308 0.00240369230769244 0.06730662500000006
1 0.5625009230769231 0.90024084375 0.01922953846153852 0.012018716346153924
1 0.3401452307692307 0.21514454326923077 0.04086646153846152 0.01201871634615384
0 0.21514338461538457 0.6093752139423076 0.04567384615384612 0.031250475961538404
0 0.4603372307692308 0.08894122115384615 0.09855753846153859 0.10096220432692309
0 0.8076923076923077 0.39543208894230764 0.06730830769230778 0.06490378846153844
0 0.7379815384615385 0.6177874086538462 0.038461538461538436 0.10096220432692316
0 0.532452923076923 0.9122595600961538 0.10336492307692319 0.04086635576923092
0 0.5925489230769232 0.9026436802884616 0.045673846153846065 0.026442536057692423
1 0.00841292307692307 0.6778855240384616 0.01682584615384614 0.019231759615384703
1 0.7139421538461539 0.7752412067307692 0.04807630769230764 0.02163459615384611
