1 0.013221538461538448 0.12019251201923073 0.026443076923076896 0.0673066250000001
1 0.9086547692307694 0.13100981009615376 0.043268923076923316 0.021634596153846206
1 0.7331741538461538 0.3774048293269231 0.019229538461538298 0.06250095192307698
1 0.7680295384615383 0.38942354567307697 0.04086646153846152 0.02884537259615394
1 0.2764430769230769 0.45913527403846155 0.038461538461538436 0.03365331249999998
1 0.12379815384615393 0.5673082548076922 0.016827076923077083 0.06250095192307692
1 0.5841353846153845 0.6814905937500001 0.024039384615384463 0.07451966826923084
1 0.8882215384615386 0.6165868052884615 0.012019692307692176 0.012018716346153924
1 0.7728369230769232 0.8269234086538463 0.05048123076923061 0.052885072115384846
1 0.8617796923076924 0.8918271971153848 0.02644184615384626 0.0336533124999997
1 0.9218756923076922 0.923077673076923 0.02644184615384626 0.038461252403846014
1 0.37139446153846145 0.9831734326923077 0.05528861538461555 0.03365313461538455
1 0.34615384615384615 0.8689911826923078 0.038461538461538436 0.05528790865384614
1 0.06730830769230778 0.9939901640625001 0.028846769230769315 0.01201967187499986
0 0.10216369230769226 0.6262026850961538 0.045673846153846384 0.06971172836538475
0 0.11538461538461539 0.6466335961538461 0.043268923076923316 0.10577014423076914
0 0.12499938461538453 0.9867782542067308 0.08653784615384605 0.02644349158653836
0 0.3064910769230768 0.5216339591346154 0.04086646153846152 0.09134632451923091
0 0.44591261538461535 0.49158716826923077 0.08413538461538489 0.09374916105769238
1 0.4591335384615385 0.47716334855769227 0.014422153846154029 0.012018716346153924
0 0.7776443076923077 0.8425486466346153 0.06971076923076902 0.06009584855769223
0 0.9002412307692308 0.7307691442307691 0.04086646153846152 0.0336533124999997
0 0.8689895384615385 0.6225961634615385 0.031249230769230585 0.03365331250000003
0 0.5697107692307692 0.7752397548076924 0.03365415384615367 0.11778886057692317
0 0.3353353846153845 0.9278856129807694 0.040866461538461574 0.07211456490384638
1 0.6586535384615384 0.7596145168269229 0.038461538461538436 0.028845372596154162
1 0.6358178461538462 0.754806576923077 0.012019692307692287 0.038461252403846014
