1 0.4182695384615384 0.12860615865384617 0.03365415384615389 0.0889412211538462
1 0.3545673846153846 0.21273943990384617 0.14663384615384617 0.08894122115384612
1 0.1875003076923077 0.19230852884615385 0.033654153846153806 0.0432691923076923
1 0.6959138461538461 0.3329334038461539 0.016827076923076834 0.021634596153846164
1 0.9795673846153846 0.15985663461538463 0.040865230769230765 0.036058415865384635
1 0.37139446153846156 0.37139465625 0.026441846153846094 0.031250475961538515
1 0.0973563076923077 0.4963942932692308 0.06971076923076922 0.05047996874999994
1 0.010818461538461537 0.26923103365384615 0.012019692307692308 0.038461252403846125
1 0.8028849230769232 0.5985579158653845 0.03365415384615389 0.04326919230769222
1 0.9038473846153846 0.6730775841346154 0.03365415384615389 0.03365331250000003
1 0.7427889230769231 0.5925485576923077 0.014422153846153751 0.012018716346153924
1 0.8281255384615385 0.2740389735576923 0.031249230769230696 0.038461252403846125
1 0.08894276923076923 0.8942314855769231 0.03365415384615386 0.038461252403846014
1 0.8401452307692308 0.21514454326923077 0.04086646153846163 0.01201871634615384
0 0.43629784615384615 0.5961528125 0.08413538461538456 0.09615426442307684
0 0.7151433846153845 0.6093752139423076 0.045673846153846065 0.031250475961538404
0 0.229568 0.29927782451923074 0.11297969230769231 0.09374916105769227
0 0.9555292307692307 0.08894122115384615 0.08894153846153852 0.10096220432692309
0 0.4194707692307692 0.04567202884615385 0.026441846153846094 0.07211456490384617
0 0.033654153846153854 0.5096144278846154 0.06250092307692309 0.09134632451923091
0 0.39783630769230766 0.9963937265625 0.1177895384615385 0.007212546875000059
0 0.9903852307692307 0.9122595600961538 0.01922953846153852 0.04086635576923092
1 0.5060086153846154 0.6778855240384616 0.021634461538461547 0.019231759615384703
