1 0.4086547692307694 0.13100981009615376 0.043268923076923316 0.021634596153846206
1 0.23317415384615386 0.3774048293269231 0.019229538461538298 0.06250095192307698
1 0.2680295384615384 0.38942354567307697 0.040866461538461546 0.02884537259615394
1 0.08413538461538458 0.6814905937500001 0.024039384615384463 0.07451966826923084
1 0.3882215384615386 0.6165868052884615 0.012019692307692231 0.012018716346153924
1 0.2728369230769232 0.8269234086538463 0.05048123076923072 0.052885072115384846
1 0.36177969230769236 0.8918271971153848 0.02644184615384626 0.0336533124999997
1 0.4218756923076922 0.923077673076923 0.026441846153846205 0.038461252403846014
0 0.27764430769230775 0.8425486466346153 0.06971076923076897 0.06009584855769223
0 0.4002412307692308 0.7307691442307691 0.040866461538461574 0.0336533124999997
0 0.36898953846153837 0.6225961634615385 0.03124923076923053 0.03365331250000003
0 0.06971076923076926 0.7752397548076924 0.03365415384615361 0.11778886057692317
1 0.1586535384615384 0.7596145168269229 0.038461538461538464 0.028845372596154162
1 0.13581784615384615 0.754806576923077 0.012019692307692231 0.038461252403846014
