1 0.6778855384615385 0.06971172836538461 0.024039384615384463 0.04326919230769231
1 0.2379815384615384 0.44711574278846156 0.028846769230769315 0.06730662500000006
1 0.013221538461538448 0.6201925120192308 0.026443076923076896 0.06730662500000006
1 0.9086547692307694 0.6310098100961538 0.043268923076923316 0.02163459615384622
1 0.7764430769230769 0.40985590865384613 0.02884676923076923 0.016826656250000016
1 0.7764430769230768 0.4314905048076923 0.024039384615384463 0.02163459615384611
1 0.7331741538461538 0.877404829326923 0.019229538461538298 0.06250095192307692
1 0.7680295384615383 0.889423545673077 0.04086646153846152 0.02884537259615383
1 0.2764430769230769 0.9591352740384615 0.038461538461538436 0.03365331249999992
0 0.07211569230769235 0.16586599278846154 0.043268923076923316 0.07211456490384616
0 0.6514412307692308 0.4435092211538461 0.05288369230769252 0.06971172836538453
0 0.3064910769230768 0.9879803984375 0.04086646153846152 0.024039203125000075
0 0.44591261538461535 0.9723562938701923 0.08413538461538489 0.05528741225961542
1 0.4591335384615385 0.9771633485576923 0.014422153846154029 0.012018716346153924
0 0.6310104615384616 0.16826882932692308 0.036056615384615354 0.10096220432692309
0 0.8437489230769231 0.018028074519230768 0.08653784615384597 0.03125047596153846
