1 0.0024043076923076887 0.15985663461538463 0.004808615384615377 0.036058415865384635
1 0.2944713846153846 0.5384620673076923 0.09375015384615401 0.06250095192307681
1 0.7379815384615385 0.44711574278846156 0.028846769230769342 0.06730662500000006
1 0.5120196923076923 0.6201925120192308 0.028846769230769342 0.06730662500000006
1 0.7764430769230769 0.9591352740384615 0.03846153846153855 0.03365331249999992
1 0.06250092307692307 0.90024084375 0.01922953846153856 0.012018716346153924
0 0.004808000000000043 0.08894122115384615 0.009616000000000086 0.10096220432692309
0 0.3076923076923077 0.39543208894230764 0.06730830769230778 0.06490378846153844
0 0.23798153846153844 0.6177874086538462 0.03846153846153849 0.10096220432692316
0 0.04206769230769229 0.9122595600961538 0.08413538461538458 0.04086635576923092
0 0.09254892307692313 0.9026436802884616 0.04567384615384612 0.026442536057692423
0 0.5721156923076924 0.16586599278846154 0.043268923076923316 0.07211456490384616
0 0.8064910769230769 0.9879803984375 0.04086646153846163 0.024039203125000075
0 0.9459126153846154 0.9723562938701923 0.08413538461538483 0.05528741225961542
1 0.9591335384615385 0.9771633485576923 0.014422153846153973 0.012018716346153924
1 0.2139421538461539 0.7752412067307692 0.04807630769230775 0.02163459615384611
