1 0.00240430769230762 0.5276449471153848 0.00480861538461524 0.016826656249999794
1 0.37139446153846145 0.010817387019230705 0.05528861538461555 0.02163477403846141
1 0.23437538461538474 0.0625011298076922 0.05048123076923067 0.033653312499999706
1 0.06730830769230778 0.0012020739182691915 0.028846769230769315 0.002404147836538383
1 0.4134621538461539 0.23076995913461545 0.05769353846153863 0.0336533124999997
1 0.4350966153846153 0.5120197091346155 0.028846769230769342 0.014423819711538166
1 0.39663507692307687 0.5168276490384615 0.03365415384615361 0.024037432692307847
0 0.17187446153846153 0.11899045673076933 0.08413538461538483 0.0937491610576925
0 0.4519236923076924 0.49038511298076926 0.043268923076923316 0.057693012019231216
0 0.39543384615384625 0.45312527884615394 0.09375015384615404 0.12259680048076954
0 0.38822153846153856 0.28846070432692317 0.02163446153846138 0.09134632451923091
0 0.332932923076923 0.23197137740384627 0.08413538461538489 0.026442536057692284
0 0.3509612307692307 0.2800485096153845 0.03846153846153849 0.0697117283653847
0 0.12499938461538453 0.004807462139423043 0.08653784615384605 0.009614924278846085
