1 0.18629907692307693 0.4206733846153848 0.02644184615384615 0.028845372596154162
1 0.229568 0.46875051682692315 0.02644184615384615 0.03846125240384607
1 0.025240615384615386 0.32812564182692294 0.045673846153846155 0.03605841586538444
1 0.43028923076923076 0.10817315865384608 0.04326892307692304 0.014423819711538222
1 0.7343753846153847 0.04807731009615369 0.02644184615384615 0.038461252403846055
1 0.9555298461538462 0.012019371995192292 0.016827076923076834 0.024038743990384585
1 0.5889427692307693 0.5396636634615385 0.01922953846153841 0.05047996875000016
1 0.24158769230769228 0.5769234975961537 0.016827076923076917 0.043269192307692106
0 0.06610461538461539 0.3209125985576923 0.04086646153846154 0.05528790865384586
0 0.12860553846153847 0.3810107139423075 0.10336492307692308 0.06490378846153833
0 0.6598547692307692 0.3377392548076924 0.06971076923076935 0.050479968750000104
0 0.3377403076923077 0.03485490865384615 0.09855753846153847 0.06490378846153862
0 0.229568 0.609375391826923 0.02644184615384615 0.031250475961538626
0 0.5144221538461539 0.5697104543269231 0.07692307692307693 0.0625009519230767
0 0.8161058461538462 0.10216380048076934 0.07451815384615379 0.045672028846154025
0 0.6911064615384617 0.015624760216346009 0.0649033846153847 0.031249520432692017
