1 0.18629907692307693 0.9206733846153848 0.02644184615384615 0.028845372596154162
1 0.229568 0.9687505168269231 0.02644184615384615 0.038461252403846125
1 0.025240615384615386 0.8281256418269229 0.045673846153846155 0.0360584158653845
1 0.43028923076923076 0.6081731586538461 0.04326892307692304 0.014423819711538166
1 0.7343753846153847 0.5480773100961537 0.02644184615384615 0.038461252403846125
1 0.9555298461538462 0.5108174759615385 0.016827076923076834 0.026442536057692312
1 0.37139446153846156 0.35817388461538463 0.05528861538461538 0.043269192307692106
1 0.2848566153846154 0.3906257788461538 0.03124923076923075 0.016826656249999905
1 0.32451938461538465 0.02283764423076924 0.03846153846153849 0.021634596153846067
1 0.4519236923076923 0.040865718749999974 0.014422153846153862 0.038461252403846055
1 0.45192369230769236 0.10937602884615384 0.019229538461538465 0.04086635576923078
1 0.8617796923076924 0.09976014903846149 0.02644184615384626 0.026442536057692423
1 0.7776443076923076 0.15384663942307686 0.021634461538461602 0.04326919230769227
0 0.39783630769230766 0.009614994591346182 0.1177895384615385 0.019229989182692364
0 0.7644233846153847 0.06730825480769231 0.07211569230769233 0.05769301201923076
0 0.7896639999999999 0.10817234375000001 0.031249230769230807 0.04326919230769227
1 0.7908652307692308 0.07932697115384617 0.014422153846153751 0.01923175961538484
0 0.9975956923076923 0.2451929639423077 0.004808615384615411 0.03846125240384607
0 0.8401452307692308 0.09254710576923077 0.021634461538461713 0.04567202884615376
0 0.06610461538461539 0.8209125985576924 0.04086646153846154 0.05528790865384592
0 0.12860553846153847 0.8810107139423076 0.10336492307692308 0.06490378846153833
0 0.6598547692307692 0.8377392548076924 0.06971076923076935 0.05047996875000016
0 0.3377403076923077 0.5348549086538461 0.09855753846153847 0.06490378846153855
0 0.8161058461538462 0.6021638004807693 0.07451815384615379 0.04567202884615407
0 0.6911064615384617 0.512018894230769 0.0649033846153847 0.03846125240384607
0 0.23918276923076925 0.3762019591346153 0.06490338461538461 0.05528790865384592
