1 0.08413538461538458 0.1814905937500001 0.024039384615384463 0.0745196682692309
1 0.3882215384615386 0.11658680528846148 0.012019692307692231 0.012018716346153924
1 0.2728369230769232 0.3269234086538463 0.05048123076923072 0.052885072115384846
1 0.36177969230769236 0.3918271971153847 0.02644184615384626 0.033653312499999755
1 0.4218756923076922 0.4230776730769231 0.026441846153846205 0.03846125240384607
0 0.27764430769230775 0.3425486466346153 0.06971076923076897 0.06009584855769223
0 0.4002412307692308 0.23076914423076916 0.040866461538461574 0.03365331249999973
0 0.36898953846153837 0.12259616346153843 0.03124923076923053 0.03365331249999996
0 0.06971076923076926 0.27523975480769225 0.03365415384615361 0.11778886057692317
1 0.1586535384615384 0.25961451682692294 0.038461538461538464 0.028845372596154162
1 0.13581784615384615 0.254806576923077 0.012019692307692231 0.03846125240384604
