1 0.6237981538461539 0.06730825480769226 0.016827076923077056 0.06250095192307698
1 0.06250092307692307 0.7956737475961537 0.0817304615384615 0.04326919230769233
1 0.39543384615384625 0.8185097620192308 0.02163446153846138 0.021634596153845886
1 0.3665870769230769 0.7692312115384614 0.03124923076923053 0.014423819711538166
1 0.8713944615384615 0.49399081971153846 0.0552886153846156 0.05528790865384586
1 0.8461538461538461 0.3689911826923077 0.03846153846153855 0.055287908653846196
1 0.7343753846153847 0.5625011298076923 0.05048123076923072 0.0336533124999997
1 0.5673083076923078 0.4951922379807693 0.02884676923076923 0.014423819711538277
1 0.9134621538461539 0.7307699591346155 0.057693538461538685 0.0336533124999997
1 0.26442338461538467 0.13701998317307695 0.019229538461538298 0.04326919230769241
0 0.030047384615384656 0.2451929639423077 0.06009476923076931 0.03846125240384607
0 0.12499938461538465 0.8389429399038462 0.05288369230769217 0.05769301201923094
0 0.4663458461538461 0.9939900048076923 0.057693538461538685 0.012019990384615431
0 0.6718744615384615 0.6189904567307694 0.08413538461538494 0.09374916105769249
0 0.9519236923076924 0.9807693034855768 0.043268923076923316 0.038461393028846436
0 0.8954338461538462 0.9459134393028846 0.09375015384615404 0.10817312139423074
0 0.8882215384615386 0.7884607043269232 0.02163446153846138 0.09134632451923086
0 0.8329329230769231 0.7319713774038463 0.08413538461538483 0.0264425360576922
0 0.8509612307692307 0.7800485096153844 0.038461538461538436 0.06971172836538464
0 0.6021636923076923 0.12620268509615384 0.0456738461538464 0.06971172836538467
0 0.6153846153846154 0.146633596153846 0.043268923076923316 0.1057701442307691
0 0.6249993846153845 0.4915857163461539 0.08653784615384608 0.0360584158653845
0 0.8064910769230769 0.03365356069711542 0.04086646153846163 0.06730712139423084
0 0.9459126153846154 0.01923087439903847 0.08413538461538483 0.03846174879807694
0 0.8353353846153846 0.42788561298076944 0.04086646153846163 0.07211456490384632
