1 0.0973563076923077 0.0108171388221154 0.06971076923076922 0.0216342776442308
1 0.8028849230769232 0.09855791586538454 0.03365415384615389 0.04326919230769226
1 0.9038473846153846 0.17307758413461535 0.03365415384615389 0.03365331249999998
1 0.7427889230769231 0.09254855769230771 0.014422153846153751 0.01201871634615391
1 0.9555298461538462 0.9987981039663462 0.016827076923076834 0.002403792067307675
1 0.37139446153846156 0.8581738846153846 0.05528861538461538 0.043269192307692106
1 0.2848566153846154 0.8906257788461538 0.03124923076923075 0.016826656249999905
1 0.08894276923076923 0.394231485576923 0.03365415384615386 0.03846125240384607
1 0.32451938461538465 0.5228376442307692 0.03846153846153849 0.02163459615384611
1 0.4519236923076923 0.5408657187499999 0.014422153846153862 0.038461252403846014
1 0.45192369230769236 0.6093760288461538 0.019229538461538465 0.04086635576923081
1 0.8617796923076924 0.5997601490384614 0.02644184615384626 0.026442536057692423
1 0.7776443076923076 0.6538466394230769 0.021634461538461602 0.04326919230769222
0 0.43629784615384615 0.09615281249999993 0.08413538461538456 0.09615426442307681
0 0.7151433846153845 0.10937521394230768 0.045673846153846065 0.03125047596153842
0 0.033654153846153854 0.027643795072115427 0.06250092307692309 0.055287590144230854
0 0.39783630769230766 0.5060087211538462 0.1177895384615385 0.026442536057692423
0 0.7644233846153847 0.5673082548076923 0.07211569230769233 0.057693012019230716
0 0.7896639999999999 0.60817234375 0.031249230769230807 0.04326919230769233
1 0.7908652307692308 0.5793269711538462 0.014422153846153751 0.019231759615384925
0 0.9975956923076923 0.7451929639423076 0.004808615384615411 0.038461252403846014
0 0.9903852307692307 0.4122595600961538 0.01922953846153852 0.04086635576923092
0 0.8401452307692308 0.5925471057692308 0.021634461538461713 0.045672028846153845
0 0.6911064615384617 0.996394134014423 0.0649033846153847 0.0072117319711539896
1 0.5060086153846154 0.1778855240384615 0.021634461538461547 0.019231759615384703
0 0.23918276923076925 0.8762019591346153 0.06490338461538461 0.05528790865384581
