1 0.2343753846153846 0.04807731009615369 0.026441846153846232 0.038461252403846055
1 0.45552984615384606 0.012019371995192292 0.016827076923076778 0.024038743990384585
1 0.5625009230769231 0.29567374759615384 0.08173046153846142 0.04326919230769238
1 0.8954338461538462 0.3185097620192308 0.02163446153846138 0.021634596153845886
1 0.8665870769230769 0.2692312115384614 0.031249230769230474 0.014423819711538222
1 0.733174153846154 0.5829328557692309 0.014422153846153862 0.016826656249999905
1 0.9963944615384615 0.5276449471153848 0.007211076923076987 0.016826656249999794
1 0.08894276923076923 0.5396636634615385 0.019229538461538437 0.05047996875000016
0 0.1598547692307693 0.3377392548076924 0.06971076923076926 0.050479968750000104
0 0.026441846153846156 0.5697104543269231 0.05288369230769231 0.0625009519230767
0 0.7427889230769229 0.6033660336538462 0.07211569230769221 0.04326919230769233
0 0.6249993846153847 0.33894293990384616 0.05288369230769219 0.05769301201923088
0 0.9663458461538461 0.514422545673077 0.057693538461538685 0.05288507211538479
0 0.31610584615384607 0.10216380048076934 0.07451815384615385 0.045672028846154025
0 0.19110646153846156 0.015624760216346009 0.0649033846153847 0.031249520432692017
