1 0.2944713846153846 0.03846206730769231 0.09375015384615401 0.06250095192307692
1 0.5120196923076923 0.12019251201923073 0.028846769230769342 0.0673066250000001
1 0.7764430769230769 0.45913527403846155 0.03846153846153855 0.03365331249999998
1 0.6237981538461539 0.5673082548076922 0.016827076923077056 0.06250095192307692
1 0.8713944615384615 0.9831734326923077 0.0552886153846156 0.03365313461538455
1 0.8461538461538461 0.8689911826923078 0.03846153846153855 0.05528790865384614
1 0.5673083076923078 0.9939901640625001 0.02884676923076923 0.01201967187499986
1 0.26442338461538467 0.637019983173077 0.019229538461538298 0.04326919230769244
1 0.06250092307692307 0.40024084375 0.01922953846153856 0.012018716346153924
0 0.23798153846153844 0.11778740865384618 0.03846153846153849 0.1009622043269231
0 0.030047384615384656 0.7451929639423076 0.06009476923076931 0.038461252403846014
0 0.04206769230769229 0.4122595600961538 0.08413538461538458 0.04086635576923092
0 0.09254892307692313 0.40264368028846165 0.04567384615384612 0.026442536057692423
0 0.6021636923076923 0.6262026850961538 0.0456738461538464 0.06971172836538475
0 0.6153846153846154 0.6466335961538461 0.043268923076923316 0.10577014423076914
0 0.6249993846153845 0.9867782542067308 0.08653784615384608 0.02644349158653836
0 0.8064910769230769 0.5216339591346154 0.04086646153846163 0.09134632451923091
0 0.9459126153846154 0.49158716826923077 0.08413538461538483 0.09374916105769238
1 0.9591335384615385 0.47716334855769227 0.014422153846153973 0.012018716346153924
0 0.8353353846153846 0.9278856129807694 0.04086646153846163 0.07211456490384638
1 0.2139421538461539 0.27524120673076924 0.04807630769230775 0.021634596153846053
