1 0.6430292740384616 0.11177899999999996 0.06971154807692304 0.07932624999999993
0 0.7139408798076924 0.20552974999999996 0.08173179807692321 0.12259549999999986
1 0.8149031105769231 0.45913574999999995 0.0817317980769231 0.14423224999999995
1 0.8221132932692308 0.56129725 0.02404050000000002 0.036057000000000006
1 0.8233182692307692 0.6754819999999999 0.021635466346153764 0.014424500000000173
0 0.9927896742788462 0.08774112499999998 0.014420651442307642 0.17548224999999995
0 0.9675478870192308 0.25240300000000004 0.06490422596153844 0.048076000000000035
0 0.7199510048076924 0.3377387500000001 0.12740284615384612 0.1081709999999999
0 0.8149031105769231 0.5937502499999999 0.1730788125 0.21153949999999994
0 0.8425487019230768 0.7031240000000001 0.055286264423076936 0.14182675
0 0.991587157451923 0.84495075 0.016825685096153786 0.16105800000000037
0 0.06129638942307693 0.85096025 0.11778762980769232 0.11057650000000008
1 0.16706868749999998 0.8581718125 0.15624849519230768 0.2836563750000002
