1 0.8149031105769231 0.015625937499999958 0.0817317980769231 0.031251874999999915
1 0.8221132932692308 0.06129724999999997 0.02404050000000002 0.03605699999999998
1 0.8233182692307692 0.17548199999999997 0.021635466346153764 0.01442450000000009
0 0.8149031105769231 0.09975999999999999 0.1730788125 0.19951999999999998
0 0.8425487019230768 0.203124 0.055286264423076936 0.14182675000000006
0 0.991587157451923 0.34495075 0.016825685096153786 0.1610580000000003
0 0.06129638942307693 0.35096025 0.11778762980769232 0.11057649999999997
1 0.16706868749999998 0.4362959999999999 0.15624849519230768 0.4399047500000002
0 0.26442090865384615 0.6862980000000001 0.0625013653846154 0.06490175000000009
0 0.24880048557692308 0.73798225 0.05048111538461533 0.11538324999999983
1 0.3173070576923077 0.7367795000000001 0.009615216346153976 0.012019000000000335
0 0.3173070576923077 0.7536052500000001 0.11538259615384616 0.08413300000000001
0 0.2620207932692308 0.8221152499999997 0.03846086538461535 0.043269249999999926
0 0.28365625961538465 0.8209124999999999 0.057691298076923025 0.11778875000000033
1 0.4987961105769231 0.9663475 0.01202025000000001 0.028844749999999975
1 0.32812725 0.9447112499999999 0.06490148076923075 0.11057750000000022
