0 0.7764422451923076 0.4242775 0.11538259615384605 0.13701999999999998
1 0.6430292740384616 0.6117789999999999 0.06971154807692304 0.07932624999999993
0 0.7139408798076924 0.70552975 0.08173179807692321 0.12259549999999986
1 0.5612974759615385 0.47596174999999996 0.03605583173076932 0.02884474999999992
1 0.5276466778846154 0.4771645 0.03605583173076932 0.03125024999999998
1 0.8149031105769231 0.9435098125 0.0817317980769231 0.11298037500000002
0 0.9927896742788462 0.5817315000000001 0.014420651442307642 0.18750149999999988
0 0.9675478870192308 0.752403 0.06490422596153844 0.04807600000000001
0 0.7199510048076924 0.8377387500000002 0.12740284615384612 0.1081709999999999
0 0.8149031105769231 0.99399025 0.1730788125 0.01201949999999996
