1 0.16706868749999998 0.0781241875 0.15624849519230768 0.156248375
0 0.26442090865384615 0.18629800000000007 0.0625013653846154 0.06490175000000012
0 0.24880048557692308 0.23798224999999995 0.05048111538461533 0.11538324999999991
1 0.3173070576923077 0.23677950000000014 0.009615216346153976 0.012019000000000307
0 0.3173070576923077 0.25360525000000006 0.11538259615384616 0.08413299999999999
0 0.2620207932692308 0.3221152499999998 0.03846086538461535 0.043269249999999926
0 0.28365625961538465 0.32091249999999993 0.057691298076923025 0.11778875000000039
1 0.4987961105769231 0.4663475 0.01202025000000001 0.028844749999999975
1 0.32812725 0.49398949999999997 0.06490148076923075 0.2091340000000002
1 0.37860344711538463 0.5709145 0.031250682692307685 0.03605700000000045
1 0.45432512019230764 0.64423125 0.033655716346153774 0.01923124999999959
0 0.3569728990384616 0.6802882500000001 0.06009633173076934 0.10096300000000036
0 0.3978387980769231 0.61778775 0.1225976971153846 0.04326925000000015
1 0.5889430673076923 0.9711539999999999 0.11057744711538453 0.019231249999999367
1 0.3725982403846154 0.9302902500000001 0.00961521634615392 0.004806750000000193
0 0.45312506250000006 0.9447105 0.16586371153846163 0.05288275000000009
1 0.1622586201923077 0.9663457499999999 0.0600963317307692 0.0673085000000001
