1 0.32812725 0.04927825 0.06490148076923075 0.0985565
1 0.37860344711538463 0.07091449999999996 0.031250682692307685 0.03605700000000038
1 0.45432512019230764 0.14423125000000003 0.033655716346153774 0.019231249999999617
0 0.3569728990384616 0.18028825000000012 0.06009633173076934 0.10096300000000041
0 0.3978387980769231 0.11778775000000002 0.1225976971153846 0.04326925000000022
1 0.5889430673076923 0.47115399999999985 0.11057744711538453 0.01923124999999931
1 0.3725982403846154 0.43029025000000015 0.00961521634615392 0.004806750000000193
0 0.45312506250000006 0.4447105 0.16586371153846163 0.052882750000000034
1 0.1622586201923077 0.507211 0.0600963317307692 0.1490390000000003
0 0.09014203846153845 0.6538445000000004 0.10336726442307692 0.14423225000000062
1 0.04928105769230768 0.8581717499999998 0.06009633173076921 0.019231249999999367
0 0.1478382548076923 0.8137039999999998 0.09855719711538463 0.08413299999999968
1 0.1694688028846154 0.8221147500000003 0.012020249999999982 0.004806749999999638
0 0.05769129807692308 0.7860577499999999 0.09615216346153847 0.13461450000000008
