0 0.350959456730769 0.033652312499999976 0.07692173076923087 0.06730462499999995
0 0.01923000360576939 0.7668269999999999 0.03846000721153878 0.17788374999999967
0 0.037260378605769355 0.64903825 0.07452075721153871 0.10096300000000014
0 0.34495425000000013 0.7608175 0.14663327884615396 0.11298200000000014
1 0.43750132211538456 0.9086542499999999 0.05288614903846145 0.18269150000000012
1 0.46634697115384627 0.895432 0.09615216346153832 0.1562512500000004
1 0.641825899038462 0.9819699375000001 0.14903831249999977 0.03606012499999989
1 0.9495177403846156 0.977162125 0.028845649038461763 0.045675750000000126
1 0.9747588701923077 0.9579319374999998 0.05048225961538466 0.08413612500000034
0 0.5060078942307692 0.97475875 0.11298248076923079 0.050482499999999986
0 0.9615397920673074 0.8569694999999999 0.076920415865385 0.12740224999999983
