0 0.17307932692307687 0.13942450000000023 0.10096223076923122 0.11538325000000016
1 0.9375013221153845 0.02043350000000001 0.05288614903846145 0.04086700000000002
1 0.9867773473557693 0.08533475000000015 0.02644530528846134 0.0360570000000001
1 0.9411064134615384 0.1298067500000002 0.02163546634615443 0.11538325000000016
0 0.9747583269230768 0.037259249999999966 0.0504833461538462 0.07451849999999993
0 0.9579329278846154 0.20192500000000008 0.08413414423076937 0.17788375
0 0.9146657980769229 0.2728362499999999 0.06490148076923075 0.16105799999999978
0 0.9230760384615387 0.5612965000000001 0.08653694711538518 0.16586474999999934
1 0.0901425528846155 0.6826935000000001 0.14182812980769252 0.0625005000000004
0 0.07932727884615348 0.5973577499999999 0.1538483798076916 0.1081709999999998
0 0.3028822884615383 0.5516830000000004 0.1538483798076927 0.08413299999999968
0 0.3437481874999997 0.3533652500000002 0.10096223076923122 0.14423225000000034
