1 0.03485520192307699 0.4627392499999998 0.06971040384615398 0.09375075000000027
0 0.045674164663461386 0.35696949999999994 0.09134832932692277 0.12740224999999994
0 0.018029802884615427 0.794473 0.036059605769230854 0.17067149999999964
1 0.14783711057692328 0.0036068125000000987 0.04567104807692274 0.007213625000000197
0 0.18629797596153846 0.04927943750000001 0.06490148076923072 0.09855887500000002
1 0.23677909134615377 0.5312492500000001 0.036055831730768984 0.014424500000000062
1 0.23918412499999966 0.5709144999999998 0.012020249999999622 0.00721224999999992
1 0.15985736057692315 0.46995149999999997 0.0072101826923072765 0.012019000000000002
0 0.21394356730769215 0.4122577499999999 0.1057673798076926 0.16586475000000023
0 0.1983182259615383 0.5528860000000002 0.10336726442307706 0.15865250000000036
0 0.8173070000000001 0.5396642500000001 0.1971143942307696 0.09855750000000024
0 0.8882235240384615 0.5444709999999999 0.06009633173076934 0.06971275000000021
0 0.8966337644230766 0.5949524999999999 0.043270932692308306 0.04567474999999965
0 0.8437476153846151 0.6658637500000002 0.08173179807692321 0.09615200000000002
1 0.18509791826923097 0.99278925 0.06730651442307661 0.014421500000000198
0 0.10336612019230773 0.9567311874999997 0.12019266346153809 0.0865376250000005
