1 0.03485520192307699 0.0048073125000000026 0.06971040384615398 0.009614625000000005
0 0.018029802884615427 0.294473 0.036059605769230854 0.17067149999999962
1 0.23677909134615377 0.031249250000000117 0.036055831730768984 0.014424499999999962
1 0.23918412499999966 0.07091449999999984 0.012020249999999622 0.007212249999999837
0 0.1983182259615383 0.0661061250000002 0.10336726442307706 0.1322122500000004
0 0.8173070000000001 0.04447150000000008 0.1971143942307696 0.08894300000000016
0 0.8882235240384615 0.04447099999999984 0.06009633173076934 0.06971275000000021
0 0.8966337644230766 0.09495249999999991 0.043270932692308306 0.0456747499999996
0 0.8437476153846151 0.16586375000000017 0.08173179807692321 0.09615200000000002
1 0.18509791826923097 0.5156259999999999 0.06730651442307661 0.060095000000000176
0 0.10336612019230773 0.47115399999999985 0.12019266346153809 0.11538325000000066
0 0.21153853365384623 0.9374980000000002 0.12019266346153809 0.08173174999999977
1 0.8870185480769232 0.7139437499999999 0.024040500000000353 0.019231249999999367
1 0.879808365384615 0.7812509999999999 0.02884564903846165 0.0673072500000006
0 0.903843947115385 0.7259627499999999 0.028845649038461763 0.05288274999999987
