0 0.01923000360576939 0.2668269999999999 0.03846000721153878 0.17788374999999973
0 0.037260378605769355 0.14903824999999998 0.07452075721153871 0.10096300000000014
0 0.34495425000000013 0.26081750000000004 0.14663327884615396 0.1129820000000002
1 0.43750132211538456 0.42908774999999993 0.05288614903846145 0.2235585000000001
1 0.46634697115384627 0.39543199999999995 0.09615216346153832 0.1562512500000004
1 0.4903825528846154 0.5853347500000001 0.0336557163461535 0.03605700000000012
1 0.44110641346153845 0.6298067500000002 0.02163546634615443 0.11538325000000027
1 0.641825899038462 0.5300465000000001 0.14903831249999977 0.13221325000000006
1 0.6238004423076926 0.564905 0.18028899519230746 0.08173174999999999
1 0.7379829807692309 0.6310095000000002 0.009615216346153255 0.012019000000000335
1 0.8653858269230765 0.5624995 0.038460865384614906 0.03365574999999987
1 0.825719985576923 0.6971139999999998 0.02644061538461584 0.038462500000000066
1 0.9495177403846156 0.5048057499999999 0.028845649038461763 0.10096300000000008
1 0.9747588701923077 0.4627392499999998 0.05048225961538466 0.09375075000000027
0 0.5060078942307692 0.512018 0.11298248076923079 0.12500099999999992
0 0.47596218749999974 0.7019250000000001 0.12019266346153806 0.17788375
0 0.41466579807692294 0.7728362499999999 0.06490148076923069 0.1610579999999997
0 0.7872591201923078 0.600962 0.14663327884615396 0.05288275000000009
0 0.9615397920673074 0.35696949999999994 0.076920415865385 0.12740224999999994
0 0.9170675721153845 0.794473 0.16586485576923105 0.17067149999999964
0 0.4230760384615388 0.9891820625000003 0.08653694711538518 0.021635874999999527
