1 0.007211526442307723 0.39543199999999995 0.014423052884615446 0.1562512500000004
1 0.003605205528846074 0.5853347500000001 0.007210411057692148 0.03605700000000012
1 0.14182589903846193 0.5300465000000001 0.14903831249999983 0.13221325000000006
1 0.12380044230769262 0.564905 0.18028899519230743 0.08173174999999999
1 0.2379829807692309 0.6310095000000002 0.009615216346153171 0.012019000000000335
1 0.3653858269230766 0.5624995 0.038460865384614906 0.03365574999999987
1 0.325719985576923 0.6971139999999998 0.02644061538461584 0.038462500000000066
1 0.44951774038461556 0.5048057499999999 0.028845649038461707 0.10096300000000008
1 0.5096140721153847 0.4627392499999998 0.12019266346153867 0.09375075000000027
0 0.031249567307692308 0.512018 0.062499134615384616 0.12500099999999992
0 0.01802925961538439 0.7019250000000001 0.03605851923076878 0.17788375
0 0.2872591201923078 0.600962 0.1466332788461539 0.05288275000000009
0 0.5072139567307689 0.35696949999999994 0.1682687451923079 0.12740224999999994
0 0.4350973749999999 0.794473 0.20192446153846183 0.17067149999999964
1 0.6478371105769233 0.0036068125000000987 0.04567104807692268 0.007213625000000197
0 0.6862979759615384 0.04927943750000001 0.06490148076923075 0.09855887500000002
1 0.7367790913461538 0.5312492500000001 0.036055831730768984 0.014424500000000062
1 0.7391841249999997 0.5709144999999998 0.012020249999999622 0.00721224999999992
1 0.6598573605769231 0.46995149999999997 0.007210182692307332 0.012019000000000002
0 0.7139435673076922 0.4122577499999999 0.10576737980769257 0.16586475000000023
0 0.6983182259615384 0.5528860000000002 0.10336726442307709 0.15865250000000036
1 0.6850979182692309 0.99278925 0.06730651442307667 0.014421500000000198
0 0.6033661201923077 0.9567311874999997 0.12019266346153812 0.0865376250000005
