1 0.048074937500000366 0.07091525000000003 0.02404049999999977 0.021632499999999943
0 0.01923109014423064 0.07692475000000001 0.03846218028846128 0.043269249999999954
0 0.1790877932692306 0.41586650000000003 0.04086589903846133 0.08653850000000002
1 0.451923860576923 0.5661040000000002 0.0336557163461535 0.12259549999999997
1 0.2512043749999998 0.7608177500000001 0.012020249999999622 0.021632500000000165
0 0.3473565384615387 0.6887037500000001 0.22355992788461573 0.12740225000000005
1 0.7343751442307691 0.7896624999999999 0.127402846153846 0.06971274999999966
0 0.8545678076923078 0.8569697499999999 0.1274028461538459 0.07451950000000007
1 0.14783711057692328 0.9867789375 0.04567104807692274 0.026442124999999872
0 0.18629797596153846 0.9891823125 0.06490148076923072 0.021635375000000012
