1 0.003605205528846074 0.08533475000000015 0.007210411057692148 0.0360570000000001
1 0.14182589903846193 0.04807656250000009 0.14903831249999983 0.09615312500000019
1 0.12380044230769262 0.06490499999999995 0.18028899519230743 0.08173174999999998
1 0.2379829807692309 0.13100950000000017 0.009615216346153171 0.012019000000000307
1 0.3653858269230766 0.06249950000000003 0.038460865384614906 0.03365574999999984
1 0.325719985576923 0.1971139999999998 0.02644061538461584 0.03846250000000004
1 0.44951774038461556 0.027643625000000026 0.028845649038461707 0.05528725000000005
1 0.5096140721153847 0.0048073125000000026 0.12019266346153867 0.009614625000000005
0 0.031249567307692308 0.037259249999999966 0.062499134615384616 0.07451849999999993
0 0.01802925961538439 0.20192500000000008 0.03605851923076878 0.17788375
0 0.2872591201923078 0.10096200000000007 0.1466332788461539 0.05288275000000006
0 0.4350973749999999 0.294473 0.20192446153846183 0.17067149999999962
1 0.7367790913461538 0.031249250000000117 0.036055831730768984 0.014424499999999962
1 0.7391841249999997 0.07091449999999984 0.012020249999999622 0.007212249999999837
0 0.6983182259615384 0.0661061250000002 0.10336726442307709 0.1322122500000004
1 0.6850979182692309 0.5156259999999999 0.06730651442307667 0.060095000000000176
0 0.6033661201923077 0.47115399999999985 0.12019266346153812 0.11538325000000066
1 0.056489009615384805 0.7127409999999998 0.040865899038460794 0.012019000000000002
0 0.7115385336538462 0.9374980000000002 0.12019266346153812 0.08173174999999977
