1 0.951923860576923 0.0661040000000001 0.0336557163461535 0.1225955
1 0.7512043749999999 0.2608177500000001 0.012020249999999622 0.021632500000000165
0 0.8473565384615387 0.18870375000000011 0.22355992788461576 0.12740225000000008
1 0.007211526442307723 0.895432 0.014423052884615446 0.1562512500000004
1 0.14182589903846193 0.9819699375000001 0.14903831249999983 0.03606012499999989
1 0.44951774038461556 0.977162125 0.028845649038461707 0.045675750000000126
1 0.5096140721153847 0.9579319374999998 0.12019266346153867 0.08413612500000034
0 0.031249567307692308 0.97475875 0.062499134615384616 0.050482499999999986
0 0.5072139567307689 0.8569694999999999 0.1682687451923079 0.12740224999999983
1 0.6478371105769233 0.4903857500000002 0.04567104807692268 0.03365575000000015
0 0.6862979759615384 0.53846175 0.06490148076923075 0.12019425000000006
1 0.6598573605769231 0.9699515 0.007210182692307332 0.012019000000000002
0 0.7139435673076922 0.91225775 0.10576737980769257 0.16586475000000023
0 0.6983182259615384 0.986779875 0.10336726442307709 0.026440250000000054
