1 0.43750132211538456 0.02043350000000001 0.05288614903846145 0.04086700000000002
1 0.4903825528846154 0.08533475000000015 0.0336557163461535 0.0360570000000001
1 0.44110641346153845 0.1298067500000002 0.02163546634615443 0.11538325000000016
1 0.641825899038462 0.04807656250000009 0.14903831249999977 0.09615312500000019
1 0.6238004423076926 0.06490499999999995 0.18028899519230746 0.08173174999999998
1 0.7379829807692309 0.13100950000000017 0.009615216346153255 0.012019000000000307
1 0.8653858269230765 0.06249950000000003 0.038460865384614906 0.03365574999999984
1 0.825719985576923 0.1971139999999998 0.02644061538461584 0.03846250000000004
1 0.9495177403846156 0.027643625000000026 0.028845649038461763 0.05528725000000005
1 0.9747588701923077 0.0048073125000000026 0.05048225961538466 0.009614625000000005
0 0.5060078942307692 0.037259249999999966 0.11298248076923079 0.07451849999999993
0 0.47596218749999974 0.20192500000000008 0.12019266346153806 0.17788375
0 0.41466579807692294 0.2728362499999999 0.06490148076923069 0.16105799999999978
0 0.7872591201923078 0.10096200000000007 0.14663327884615396 0.05288275000000006
0 0.9170675721153845 0.294473 0.16586485576923105 0.17067149999999962
1 0.5564890096153847 0.7127409999999998 0.04086589903846083 0.012019000000000002
0 0.4230760384615388 0.5612965000000001 0.08653694711538518 0.16586474999999934
