0 0.17307932692307687 0.6394245000000003 0.10096223076923122 0.11538325000000016
1 0.4771611586538457 0.258412 0.031250682692307574 0.036057000000000394
0 0.4855763173076922 0.2668269999999999 0.10576737980769313 0.17788374999999973
0 0.5156269423076926 0.14903824999999998 0.11778762980769225 0.10096300000000014
0 0.8449542500000001 0.26081750000000004 0.14663327884615396 0.1129820000000002
1 0.9375013221153845 0.42908774999999993 0.05288614903846145 0.2235585000000001
1 0.9591354447115386 0.39543199999999995 0.08172911057692289 0.1562512500000004
1 0.9867773473557693 0.5853347500000001 0.02644530528846134 0.03605700000000012
1 0.9411064134615384 0.6298067500000002 0.02163546634615443 0.11538325000000027
0 0.9747583269230768 0.512018 0.0504833461538462 0.12500099999999992
0 0.9579329278846154 0.7019250000000001 0.08413414423076937 0.17788375
0 0.9146657980769229 0.7728362499999999 0.06490148076923075 0.1610579999999997
0 0.9230760384615387 0.9891820625000003 0.08653694711538518 0.021635874999999527
0 0.3437481874999997 0.8533652500000002 0.10096223076923122 0.1442322500000004
