1 0.451923860576923 0.0661040000000001 0.0336557163461535 0.1225955
1 0.2512043749999998 0.2608177500000001 0.012020249999999622 0.021632500000000165
0 0.3473565384615387 0.18870375000000011 0.22355992788461573 0.12740225000000008
1 0.7343751442307691 0.28966249999999993 0.127402846153846 0.06971274999999971
0 0.8545678076923078 0.35696974999999986 0.1274028461538459 0.07451950000000013
1 0.03485520192307699 0.9579319374999998 0.06971040384615398 0.08413612500000034
0 0.045674164663461386 0.8569694999999999 0.09134832932692277 0.12740224999999983
1 0.14783711057692328 0.4903857500000002 0.04567104807692274 0.03365575000000015
0 0.18629797596153846 0.53846175 0.06490148076923072 0.12019425000000006
1 0.15985736057692315 0.9699515 0.0072101826923072765 0.012019000000000002
0 0.21394356730769215 0.91225775 0.1057673798076926 0.16586475000000023
0 0.1983182259615383 0.986779875 0.10336726442307706 0.026440250000000054
0 0.8173070000000001 0.99519275 0.1971143942307696 0.009614500000000081
