1 0.14302927403846155 0.11177899999999996 0.06971154807692305 0.07932624999999993
0 0.21394087980769239 0.20552974999999996 0.08173179807692324 0.12259549999999986
1 0.652645576923077 0.056490749999999965 0.17067377884615387 0.10336424999999999
1 0.5264427884615384 0.17908625000000006 0.02884564903846154 0.016825749999999945
1 0.5540883798076923 0.21754875000000007 0.012020250000000066 0.01201900000000003
1 0.3149031105769231 0.45913574999999995 0.08173179807692305 0.14423224999999995
1 0.3221132932692307 0.56129725 0.02404050000000002 0.036057000000000006
1 0.32331826923076923 0.6754819999999999 0.02163546634615371 0.014424500000000173
0 0.5252427307692308 0.08774112499999998 0.07932676442307685 0.17548224999999995
0 0.5024022884615384 0.25240300000000004 0.13461302884615378 0.048076000000000035
0 0.7367774903846154 0.16826999999999998 0.040865899038461495 0.12500099999999992
0 0.21995100480769236 0.3377387500000001 0.1274028461538461 0.1081709999999999
0 0.3149031105769231 0.5937502499999999 0.17307881250000004 0.21153949999999994
0 0.34254870192307685 0.7031240000000001 0.05528626442307705 0.14182675
1 0.9615395348557692 0.19471349999999998 0.07692093028846181 0.19711499999999987
0 0.8701904615384616 0.24879900000000005 0.11538259615384638 0.11778874999999997
0 0.7644230817307692 0.586538 0.09134701442307702 0.09134525000000004
0 0.8689904038461538 0.78726125 0.05528626442307649 0.07932625000000038
0 0.5108174471153847 0.84495075 0.05528626442307699 0.16105800000000037
