0 0.2764422451923077 0.4242775 0.11538259615384605 0.13701999999999998
1 0.14302927403846155 0.6117789999999999 0.06971154807692305 0.07932624999999993
0 0.21394087980769239 0.70552975 0.08173179807692324 0.12259549999999986
1 0.652645576923077 0.55649075 0.17067377884615387 0.10336424999999994
1 0.5264427884615384 0.67908625 0.02884564903846154 0.016825749999999973
1 0.06129747596153848 0.47596174999999996 0.03605583173076929 0.02884474999999992
1 0.027646677884615393 0.4771645 0.03605583173076922 0.03125024999999998
1 0.5540883798076923 0.7175487500000001 0.012020250000000066 0.012019000000000002
1 0.3149031105769231 0.9435098125 0.08173179807692305 0.11298037500000002
0 0.5252427307692308 0.5817315000000001 0.07932676442307685 0.18750149999999988
0 0.5024022884615384 0.752403 0.13461302884615378 0.04807600000000001
0 0.7367774903846154 0.6682699999999999 0.040865899038461495 0.12500100000000003
0 0.21995100480769236 0.8377387500000002 0.1274028461538461 0.1081709999999999
0 0.3149031105769231 0.99399025 0.17307881250000004 0.01201949999999996
0 0.9747577836538461 0.032453 0.04567104807692335 0.060094999999999996
1 0.8882208365384616 0.32572 0.026440615384615618 0.016825749999999917
1 0.9615395348557692 0.6947135 0.07692093028846181 0.19711499999999993
0 0.8701904615384616 0.748799 0.11538259615384638 0.11778875
