1 0.152645576923077 0.55649075 0.17067377884615387 0.10336424999999994
1 0.026442788461538407 0.67908625 0.028845649038461582 0.016825749999999973
1 0.05408837980769237 0.7175487500000001 0.012020250000000024 0.012019000000000002
0 0.03245305649038462 0.5817315000000001 0.06490611298076925 0.18750149999999988
0 0.03485440144230766 0.752403 0.06970880288461533 0.04807600000000001
0 0.23677749038461546 0.6682699999999999 0.04086589903846144 0.12500100000000003
0 0.47475778365384613 0.032453 0.04567104807692324 0.060094999999999996
1 0.3882208365384616 0.32572 0.026440615384615562 0.016825749999999917
1 0.5012033173076922 0.6947135 0.15624849519230793 0.19711499999999993
0 0.3701904615384616 0.748799 0.11538259615384633 0.11778875
0 0.9338944867788461 0.6682699999999999 0.13221102644230764 0.15384575
