1 0.152645576923077 0.056490749999999965 0.17067377884615387 0.10336424999999999
1 0.026442788461538407 0.17908625000000006 0.028845649038461582 0.016825749999999945
1 0.05408837980769237 0.21754875000000007 0.012020250000000024 0.01201900000000003
0 0.03245305649038462 0.08774112499999998 0.06490611298076925 0.17548224999999995
0 0.03485440144230766 0.25240300000000004 0.06970880288461533 0.048076000000000035
0 0.23677749038461546 0.16826999999999998 0.04086589903846144 0.12500099999999992
1 0.5012033173076922 0.19471349999999998 0.15624849519230793 0.19711499999999987
0 0.3701904615384616 0.24879900000000005 0.11538259615384633 0.11778874999999997
0 0.9338944867788461 0.16826999999999998 0.13221102644230764 0.15384574999999992
0 0.2644230817307692 0.586538 0.09134701442307694 0.09134525000000004
0 0.3689904038461538 0.78726125 0.05528626442307644 0.07932625000000038
0 0.01923028966346159 0.84495075 0.03846057932692318 0.16105800000000037
