1 0.2824516923076923 0.022835558894230647 0.08413538461538467 0.04567111778846129
0 0.4447113846153846 0.030047457932692367 0.235579076923077 0.060094915865384735
0 0.8233156923076923 0.07812466346153848 0.08894030769230787 0.08894250000000006
0 0.7632196923076924 0.018029753605769264 0.055286153846153874 0.03605950721153853
0 0.43629784615384615 0.38341137019230775 0.050481230769230834 0.14663343749999974
0 0.7091347692307692 0.45913418269230766 0.12500184615384613 0.13942153846153799
0 0.46394092307692314 0.5793282451923076 0.07692307692307693 0.13942153846153804
0 0.4915889230769231 0.7908645192307691 0.1706732307692308 0.15865326923076906
1 0.5805292307692307 0.6117796634615382 0.02644184615384615 0.036059495192307556
1 0.3629784615384616 0.9975965745192308 0.1346166153846154 0.004806850961538434
0 0.338944 0.9314901682692308 0.09615261538461534 0.07932663461538536
0 0.28966400000000003 0.9531258653846157 0.06009599999999998 0.08894250000000004
