1 0.44831753846153843 0.5324524999999999 0.02163692307692272 0.050479038461539005
1 0.40384738461538483 0.6826940144230766 0.07692307692307693 0.024039663461538185
1 0.47115569230769255 0.727165264423077 0.04326892307692276 0.050479038461539005
0 0.7019249230769233 0.4819692067307692 0.20672984615384626 0.12740596153846162
0 0.40384738461538483 0.5048090144230771 0.12500184615384585 0.08173060096153884
0 0.3485563076923079 0.6057713461538463 0.06249846153846106 0.12019406249999942
0 0.04687630769230767 0.14423108173076954 0.09375261538461534 0.048075072115384365
1 0.037260307692307586 0.8629787259615382 0.04567138461538452 0.03846346153846103
0 0.00600861538461545 0.8713947355769232 0.0120172307692309 0.08413456730769187
1 0.15264246153846162 0.9519212259615385 0.016827076923076528 0.024039663461538074
0 0.08173046153846177 0.9098539423076926 0.13942153846153796 0.06490283653846185
0 0.03485661538461544 0.9158659855769232 0.06971323076923087 0.05769093750000076
0 0.8497600000000001 0.854566971153846 0.10336492307692324 0.11298216346153822
0 0.8629784615384613 0.8713947355769232 0.11538707692307726 0.1081742307692306
