0 0.9927876923076924 0.06130009615384625 0.014424615384615369 0.11298216346153876
1 0.9146633846153849 0.11658706730769205 0.01682707692307661 0.03125156249999987
1 0.8100972307692307 0.15745024038461553 0.06249846153846106 0.06490283653846245
0 0.9158646153846152 0.15023834134615383 0.1442313846153842 0.08894250000000006
0 0.20192492307692333 0.02283609375000003 0.20672984615384626 0.04567218750000006
0 0.3497600000000001 0.3545669711538459 0.10336492307692313 0.11298216346153822
0 0.36297846153846136 0.37139473557692315 0.11538707692307726 0.1081742307692306
1 0.1935113846153845 0.9290851442307693 0.28605538461538493 0.1225980288461529
0 0.42908553846153824 0.6442300240384613 0.031251692307692425 0.13942153846153793
0 0.3786043076923076 0.7992794711538462 0.10336492307692313 0.15624930288461547
0 0.37019076923076927 0.8689902403846153 0.0913476923076928 0.10817423076923005
