1 0.44831753846153843 0.03245249999999991 0.02163692307692272 0.050479038461539005
1 0.40384738461538483 0.1826940144230767 0.07692307692307693 0.024039663461538158
1 0.47115569230769255 0.227165264423077 0.04326892307692276 0.05047903846153898
0 0.7019249230769233 0.02283609375000003 0.20672984615384626 0.04567218750000006
0 0.40384738461538483 0.02283715745192329 0.12500184615384585 0.04567431490384658
0 0.3485563076923079 0.10577134615384629 0.06249846153846106 0.1201940624999994
1 0.037260307692307586 0.36297872596153813 0.04567138461538452 0.038463461538461086
0 0.00600861538461545 0.37139473557692315 0.0120172307692309 0.08413456730769187
1 0.15264246153846162 0.4519212259615385 0.016827076923076528 0.024039663461538185
0 0.08173046153846177 0.40985394230769256 0.13942153846153796 0.0649028365384619
0 0.03485661538461544 0.4158659855769232 0.06971323076923087 0.057690937500000705
0 0.16826830769230783 0.6165865384615385 0.05769353846153863 0.17548103365384604
0 0.11057476923076921 0.6334143028846155 0.13942153846153799 0.08413456730769242
0 0.8497600000000001 0.3545669711538459 0.10336492307692324 0.11298216346153822
0 0.8629784615384613 0.37139473557692315 0.11538707692307726 0.1081742307692306
1 0.6935113846153845 0.9290851442307693 0.28605538461538504 0.1225980288461529
0 0.9290855384615383 0.6442300240384613 0.031251692307692425 0.13942153846153793
0 0.8786043076923076 0.7992794711538462 0.10336492307692313 0.15624930288461547
0 0.8701907692307693 0.8689902403846153 0.0913476923076928 0.10817423076923005
