0 0.20913476923076924 0.014422475961538339 0.12500184615384613 0.028844951923076678
0 0.972356923076923 0.5697118509615384 0.055286153846153985 0.06730680288461544
1 0.5516824615384616 0.5492802644230772 0.09855999999999998 0.09855836538461482
0 0.707931076923077 0.5312483894230768 0.08413538461538472 0.15865326923076906
0 0.7175458461538462 0.6370186538461542 0.06009600000000015 0.05288300480769248
0 0.6274043076923077 0.6129789903846155 0.06730830769230778 0.04807507211538431
0 0.6430301538461538 0.6610583173076924 0.055286153846153985 0.03365552884615397
0 0.6454326153846154 0.680290048076923 0.1899027692307691 0.03365552884615397
0 0.03846276923076923 0.29086451923076895 0.07692553846153846 0.15865326923076906
1 0.08052923076923076 0.11177966346153831 0.026441846153846094 0.0360594951923075
