0 0.2980775384615385 0.001202788461538463 0.16827076923076917 0.002405576923076926
1 0.9483175384615384 0.5324524999999999 0.021636923076922665 0.050479038461539005
1 0.9038473846153847 0.6826940144230766 0.07692307692307698 0.024039663461538185
1 0.9711556923076926 0.727165264423077 0.04326892307692276 0.050479038461539005
0 0.9038473846153847 0.5048090144230771 0.1250018461538459 0.08173060096153884
0 0.8485563076923079 0.6057713461538463 0.06249846153846106 0.12019406249999942
0 0.5360590769230766 0.14423108173076954 0.11538707692307726 0.048075072115384365
1 0.5372603076923076 0.8629787259615382 0.04567138461538445 0.03846346153846103
0 0.420672 0.8713947355769232 0.1826904615384618 0.08413456730769187
1 0.6526424615384616 0.9519212259615385 0.0168270769230765 0.024039663461538074
0 0.5817304615384618 0.9098539423076926 0.13942153846153804 0.06490283653846185
0 0.4747618461538461 0.9158659855769232 0.18990276923076949 0.05769093750000076
0 0.36538584615384606 0.9603369591346154 0.11057723076923054 0.07932608173076916
