1 0.9483175384615384 0.03245249999999991 0.021636923076922665 0.050479038461539005
1 0.9038473846153847 0.1826940144230767 0.07692307692307698 0.024039663461538158
1 0.9711556923076926 0.227165264423077 0.04326892307692276 0.05047903846153898
0 0.9038473846153847 0.02283715745192329 0.1250018461538459 0.04567431490384658
0 0.8485563076923079 0.10577134615384629 0.06249846153846106 0.1201940624999994
1 0.5372603076923076 0.36297872596153813 0.04567138461538445 0.038463461538461086
0 0.420672 0.37139473557692315 0.1826904615384618 0.08413456730769187
1 0.6526424615384616 0.4519212259615385 0.0168270769230765 0.024039663461538185
0 0.5817304615384618 0.40985394230769256 0.13942153846153804 0.0649028365384619
0 0.4747618461538461 0.4158659855769232 0.18990276923076949 0.057690937500000705
0 0.36538584615384606 0.4627412019230768 0.11057723076923054 0.08413456730769187
0 0.6682683076923078 0.6165865384615385 0.057693538461538685 0.17548103365384604
0 0.6105747692307693 0.6334143028846155 0.13942153846153793 0.08413456730769242
