1 0.031249230769230526 0.11899025000000008 0.06249846153846105 0.031250249999999924
0 0.05889353846153857 0.1406269999999999 0.11778707692307713 0.07932624999999952
1 0.7487975384615387 0.04326968749999994 0.012017230769230336 0.08653937499999988
1 0.8846153846153846 0.07932499999999994 0.009614769230769649 0.009613500000000386
0 0.826921846153846 0.10096174999999974 0.1634609230769235 0.0528827499999998
0 0.8173070769230768 0.5408664999999999 0.13942153846153793 0.08173174999999966
0 0.8064910769230769 0.5588950000000003 0.1658633846153842 0.09855750000000052
1 0.947115076923077 0.5588949999999999 0.10576984615384621 0.06971274999999977
1 0.6959138461538463 0.5228380000000001 0.06009600000000048 0.007212250000000475
1 0.6983163076923075 0.518027 0.06009600000000037 0.016825750000000195
1 0.6995175384615384 0.48317275000000004 0.06249846153846106 0.06730725000000054
1 0.10456861538461537 0.9795684999999997 0.03605661538461592 0.012019000000000668
1 0.08533415384615387 0.9711534999999998 0.01201723076923035 0.01923124999999981
1 0.09495384615384622 0.8040860000000003 0.10817476923076932 0.04567475000000021
0 0.02644184615384595 0.7536044999999996 0.0528836923076919 0.11778874999999978
0 0.012019692307692235 0.89783675 0.02403938461538447 0.13702000000000025
0 0.08654030769230796 0.983173375 0.1298067692307694 0.03365324999999986
