1 0.45913599999999977 0.2199532500000002 0.10096246153846139 0.13221325000000062
0 0.39182769230769254 0.3557705000000001 0.05769353846153863 0.14423225000000067
1 0.4074535384615382 0.39783699999999994 0.007212307692307962 0.007212250000000364
1 0.5649033846153847 0.7584155 0.028844307692307947 0.012019000000000002
1 0.5781267692307692 0.7247597499999999 0.05048123076923072 0.07451949999999985
1 0.5216344615384614 0.7415854999999999 0.057693538461538685 0.0456747500000001
1 0.49158892307692303 0.8774027500000001 0.0168270769230765 0.01442449999999973
1 0.6550498461538461 0.6430279999999999 0.0168270769230765 0.012019000000000557
0 0.677883076923077 0.6478347499999999 0.06249846153846106 0.14663350000000008
0 0.6093735384615383 0.72836375 0.05528615384615421 0.18269049999999964
0 0.5288467692307693 0.8257227500000001 0.07692307692307693 0.11778874999999989
