0 0.3173070769230768 0.04086649999999992 0.13942153846153799 0.08173174999999971
0 0.3064910769230768 0.05889500000000024 0.1658633846153842 0.09855750000000048
1 0.503606153846154 0.05889499999999997 0.2187520000000004 0.06971274999999967
1 0.19591384615384627 0.022838000000000136 0.06009600000000037 0.007212250000000392
1 0.1983163076923075 0.018027000000000015 0.06009600000000037 0.01682575000000023
1 0.19951753846153836 0.008413187500000145 0.06249846153846106 0.01682637500000029
0 0.5805292307692309 0.1538442499999999 0.11778953846153795 0.2692290000000001
0 0.3353353846153848 0.9567308124999999 0.08413538461538489 0.08653837500000017
1 0.3822129230769229 0.8449537500000001 0.052883692307692465 0.016825750000000195
0 0.48677907692307687 0.7848544999999997 0.1562486153846156 0.14663350000000008
0 0.5937476923076921 0.6826929999999996 0.1490363076923077 0.0673072500000006
1 0.6358153846153846 0.6394237499999997 0.021636923076922665 0.019231249999999256
