1 0.24879753846153874 0.04326968749999994 0.012017230769230364 0.08653937499999988
1 0.3846153846153846 0.07932499999999994 0.009614769230769704 0.009613500000000386
0 0.326921846153846 0.10096174999999974 0.16346092307692356 0.0528827499999998
0 0.3173070769230768 0.5408664999999999 0.13942153846153799 0.08173174999999966
0 0.3064910769230768 0.5588950000000003 0.1658633846153842 0.09855750000000052
1 0.503606153846154 0.5588949999999999 0.2187520000000004 0.06971274999999977
1 0.19591384615384627 0.5228380000000001 0.06009600000000037 0.007212250000000475
1 0.1983163076923075 0.518027 0.06009600000000037 0.016825750000000195
1 0.19951753846153836 0.48317275000000004 0.06249846153846106 0.06730725000000054
0 0.5805292307692309 0.6538442499999999 0.11778953846153795 0.26922900000000016
