0 0.8173070769230768 0.04086649999999992 0.13942153846153793 0.08173174999999971
0 0.8064910769230769 0.05889500000000024 0.1658633846153842 0.09855750000000048
1 0.947115076923077 0.05889499999999997 0.10576984615384621 0.06971274999999967
1 0.6959138461538463 0.022838000000000136 0.06009600000000048 0.007212250000000392
1 0.6983163076923075 0.018027000000000015 0.06009600000000037 0.01682575000000023
1 0.6995175384615384 0.008413187500000145 0.06249846153846106 0.01682637500000029
1 0.10456861538461537 0.47956849999999973 0.03605661538461592 0.012019000000000557
1 0.08533415384615387 0.4711534999999998 0.01201723076923035 0.019231249999999922
1 0.09495384615384622 0.3040860000000003 0.10817476923076932 0.04567475000000015
1 0.18509538461538438 0.5240405 0.07211323076923074 0.019231249999999367
0 0.02644184615384595 0.2536044999999997 0.0528836923076919 0.11778874999999983
0 0.012019692307692235 0.39783675 0.02403938461538447 0.13702000000000025
0 0.08654030769230796 0.50841325 0.1298067692307694 0.08413299999999968
0 0.8353353846153848 0.9567308124999999 0.08413538461538483 0.08653837500000017
1 0.8822129230769229 0.8449537500000001 0.05288369230769241 0.016825750000000195
0 0.9543273846153846 0.7848544999999997 0.09134523076923096 0.14663350000000008
