1 0.9663483076923076 0.15504724999999991 0.024039384615384463 0.012019000000000585
1 0.8245193846153844 0.38341249999999993 0.22115446153846163 0.16586474999999995
0 0.9903839999999999 0.1406269999999999 0.019232000000000138 0.07932624999999952
0 0.9362978461538463 0.22836399999999996 0.04086646153846163 0.14903900000000028
1 0.8894252307692307 0.7644250000000001 0.09134769230769224 0.12500099999999958
1 0.8653858461538461 0.7944725000000001 0.03365415384615367 0.1610579999999997
1 0.9230793846153846 0.9158652500000004 0.09134769230769224 0.01442449999999973
0 0.9951926153846155 0.7536044999999996 0.009614769230769094 0.11778874999999978
0 0.9795667692307694 0.8401429999999999 0.040866461538461296 0.11778874999999933
0 0.9639433846153846 0.89783675 0.07211323076923071 0.13702000000000025
