1 0.46634830769230773 0.15504724999999991 0.024039384615384463 0.012019000000000585
1 0.5312492307692305 0.11899025000000008 0.06249846153846106 0.031250249999999924
1 0.3245193846153845 0.38341249999999993 0.2211544615384616 0.16586474999999995
0 0.5492775384615385 0.1406269999999999 0.1370190769230773 0.07932624999999952
0 0.43629784615384615 0.22836399999999996 0.040866461538461574 0.14903900000000028
1 0.3894252307692308 0.7644250000000001 0.09134769230769224 0.12500099999999958
1 0.36538584615384606 0.7944725000000001 0.03365415384615361 0.1610579999999997
1 0.4230793846153847 0.9158652500000004 0.09134769230769224 0.01442449999999973
1 0.6045686153846153 0.9795684999999997 0.03605661538461591 0.012019000000000668
1 0.5853341538461538 0.9711534999999998 0.012017230769230336 0.01923124999999981
1 0.5949538461538462 0.8040860000000003 0.10817476923076941 0.04567475000000021
0 0.5216344615384614 0.7536044999999996 0.062498461538461 0.11778874999999978
0 0.47956676923076935 0.8401429999999999 0.040866461538461296 0.11778874999999933
0 0.4759630769230768 0.89783675 0.09615261538461523 0.13702000000000025
0 0.5865403076923079 0.983173375 0.1298067692307694 0.03365324999999986
