1 0.3894252307692308 0.264425 0.09134769230769224 0.12500099999999964
1 0.36538584615384606 0.29447250000000014 0.03365415384615361 0.16105799999999978
1 0.4230793846153847 0.4158652500000003 0.09134769230769224 0.014424499999999674
1 0.6045686153846153 0.47956849999999973 0.03605661538461591 0.012019000000000557
1 0.5853341538461538 0.4711534999999998 0.012017230769230336 0.019231249999999922
1 0.5949538461538462 0.3040860000000003 0.10817476923076941 0.04567475000000015
1 0.6850953846153844 0.5240405 0.07211323076923082 0.019231249999999367
0 0.5216344615384614 0.2536044999999997 0.062498461538461 0.11778874999999983
0 0.47956676923076935 0.34014299999999986 0.040866461538461296 0.11778874999999928
0 0.4759630769230768 0.39783675 0.09615261538461523 0.13702000000000025
0 0.5865403076923079 0.50841325 0.1298067692307694 0.08413299999999968
