1 0.10697353846153845 0.6334132211538461 0.09855999999999998 0.055286971153846065
1 0.879808 0.49999947115384613 0.0961526153846155 0.10577026442307691
1 0.09014646153846154 0.9855767367788462 0.05528615384615386 0.028846526442307674
0 0.03605661538461538 0.5372588221153846 0.0673083076923077 0.14182550480769235
0 0.2680270769230769 0.4435083894230769 0.060095999999999955 0.2331719711538462
0 0.18509784615384617 0.6466329086538462 0.12500184615384616 0.17788500000000007
0 0.15504738461538461 0.8954327884615385 0.09855999999999998 0.14663343750000013
0 0.10216369230769232 0.9170684855769231 0.10336492307692309 0.10336629807692299
0 0.17307569230769232 0.9843747536057692 0.0673083076923077 0.03125049278846148
0 0.8341366153846154 0.42307680288461536 0.14423138461538465 0.05288300480769226
