0 0.311298 0.379808 0.137019 0.052885
0 0.385817 0.460337 0.156250 0.045673
0 0.532452 0.568510 0.045673 0.103365
0 0.551683 0.628606 0.237981 0.132212
0 0.503606 0.569712 0.146635 0.076923
0 0.397837 0.813702 0.098558 0.141827
0 0.429087 0.840144 0.093750 0.141827
0 0.338942 0.742788 0.052885 0.100962
0 0.307692 0.677885 0.125000 0.115385
0 0.362981 0.575721 0.052885 0.161058
0 0.390625 0.610577 0.146635 0.062500
0 0.413462 0.646635 0.072115 0.153846
0 0.288462 0.586538 0.062500 0.081731
1 0.140625 0.459135 0.242788 0.177885
1 0.405048 0.419471 0.050481 0.055288
1 0.390625 0.487981 0.055288 0.168269
1 0.485577 0.515625 0.043269 0.064904
1 0.430288 0.717548 0.014423 0.050481
1 0.076923 0.950721 0.081731 0.012019
0 0.019231 0.938702 0.033654 0.040865
1 0.033654 0.919471 0.024038 0.012019
