0 0.109375 0.647837 0.040865 0.127404
0 0.158654 0.677885 0.125000 0.139423
0 0.039663 0.864183 0.074519 0.165865
0 0.584135 0.508413 0.096154 0.103365
0 0.284856 0.349760 0.228365 0.050481
0 0.487981 0.115385 0.052885 0.129808
0 0.243990 0.305288 0.112981 0.043269
0 0.332933 0.152644 0.185096 0.180288
0 0.329327 0.240385 0.201923 0.076923
0 0.123798 0.180288 0.165865 0.153846
0 0.219952 0.268029 0.228365 0.064904
1 0.090144 0.764423 0.036058 0.043269
1 0.069712 0.756010 0.048077 0.064904
1 0.075721 0.254808 0.060096 0.024038
1 0.068510 0.186298 0.045673 0.093750
1 0.436298 0.106971 0.060096 0.036058
1 0.250000 0.307692 0.014423 0.057692
