0 0.538462 0.221154 0.072115 0.201923
0 0.526442 0.123798 0.144231 0.132212
0 0.554087 0.473558 0.170673 0.096154
0 0.706731 0.490385 0.168269 0.105769
0 0.717548 0.539663 0.194712 0.064904
0 0.966346 0.634615 0.067308 0.072115
0 0.591346 0.769231 0.163462 0.201923
0 0.694712 0.784856 0.043269 0.074519
0 0.739183 0.878606 0.098558 0.127404
0 0.121394 0.930288 0.194712 0.115385
0 0.067308 0.680288 0.062500 0.177885
0 0.365385 0.435096 0.100962 0.038462
0 0.287260 0.481971 0.088942 0.103365
0 0.118990 0.383413 0.045673 0.141827
0 0.120192 0.525240 0.048077 0.141827
0 0.162260 0.615385 0.146635 0.115385
0 0.102163 0.596154 0.199519 0.057692
0 0.093750 0.528846 0.149038 0.115385
1 0.335337 0.568510 0.055288 0.156250
1 0.300481 0.604567 0.129808 0.088942
1 0.115385 0.703125 0.048077 0.055288
1 0.657452 0.661058 0.069712 0.173077
1 0.640625 0.484375 0.036058 0.036058
1 0.724760 0.793269 0.021635 0.009615
1 0.191106 0.554087 0.108173 0.069712
