0 0.028846 0.225962 0.052885 0.043269
0 0.271635 0.325721 0.072115 0.165865
0 0.275240 0.131010 0.084135 0.165865
0 0.868990 0.147837 0.074519 0.141827
0 0.890625 0.945913 0.218750 0.064904
0 0.963942 0.881010 0.072115 0.079327
0 0.975962 0.932692 0.043269 0.096154
0 0.740385 0.974760 0.168269 0.050481
0 0.981971 0.084135 0.036058 0.048077
0 0.942308 0.091346 0.115385 0.052885
0 0.953125 0.115385 0.093750 0.096154
1 0.284856 0.492788 0.031250 0.168269
1 0.111779 0.211538 0.117788 0.024038
1 0.287260 0.024038 0.036058 0.043269
1 0.856971 0.272837 0.084135 0.108173
1 0.847356 0.986779 0.064904 0.026442
