0 0.340144 0.817308 0.156250 0.177885
0 0.501202 0.981971 0.132212 0.036058
0 0.725962 0.975962 0.096154 0.043269
0 0.542067 0.896635 0.122596 0.048077
0 0.608173 0.842548 0.067308 0.180288
0 0.949519 0.713942 0.086538 0.115385
0 0.778846 0.635817 0.100962 0.237981
0 0.625000 0.531250 0.115385 0.052885
0 0.584135 0.185096 0.129808 0.149038
1 0.802885 0.520433 0.120192 0.127404
1 0.653846 0.921875 0.081731 0.084135
1 0.591346 0.953125 0.052885 0.045673
1 0.580529 0.943510 0.031250 0.064904
1 0.423077 0.981971 0.038462 0.026442
1 0.905048 0.782452 0.021635 0.026442
