0 0.669471 0.141827 0.165865 0.086538
0 0.965144 0.319712 0.069712 0.062500
0 0.812500 0.391827 0.096154 0.105769
0 0.712740 0.467548 0.093750 0.093750
0 0.514423 0.564904 0.168269 0.096154
0 0.840144 0.662260 0.069712 0.223558
0 0.306490 0.603365 0.112981 0.120192
0 0.368990 0.550481 0.161058 0.081731
0 0.340144 0.524038 0.132212 0.105769
1 0.653846 0.540865 0.033654 0.062500
1 0.905048 0.796875 0.050481 0.016827
1 0.519231 0.645433 0.057692 0.026442
1 0.432692 0.644231 0.024038 0.096154
1 0.983173 0.777644 0.024038 0.021635
1 0.762019 0.442308 0.009615 0.009615
