0 0.365385 0.026442 0.158654 0.048077
0 0.884615 0.056490 0.144231 0.108173
0 0.210337 0.161058 0.122596 0.086538
0 0.248798 0.204327 0.132212 0.052885
0 0.323317 0.194712 0.146635 0.052885
0 0.365385 0.240385 0.081731 0.019231
0 0.497596 0.225962 0.134615 0.048077
0 0.661058 0.229567 0.096154 0.040865
0 0.751202 0.216346 0.055288 0.057692
1 0.596154 0.212740 0.043269 0.031250
1 0.552885 0.225962 0.028846 0.038462
1 0.826923 0.118990 0.014423 0.026442
1 0.415865 0.060096 0.019231 0.028846
1 0.187500 0.111779 0.038462 0.050481
1 0.168269 0.131010 0.043269 0.012019
1 0.304087 0.162260 0.074519 0.031250
1 0.254808 0.161058 0.033654 0.014423
1 0.140625 0.138221 0.084135 0.031250
1 0.134615 0.153846 0.028846 0.043269
0 0.760817 0.016827 0.050481 0.028846
