0 0.524038 0.489183 0.043269 0.146635
0 0.860577 0.685096 0.091346 0.100962
0 0.925481 0.519231 0.052885 0.115385
0 0.965144 0.802885 0.069712 0.067308
0 0.912260 0.825721 0.084135 0.165865
0 0.628606 0.968750 0.266827 0.062500
1 0.564904 0.475962 0.038462 0.014423
1 0.876202 0.824519 0.050481 0.019231
1 0.772837 0.959135 0.021635 0.014423
1 0.972356 0.920673 0.036058 0.019231
1 0.909856 0.758413 0.045673 0.050481
1 0.865385 0.786058 0.019231 0.024038
1 0.924279 0.802885 0.021635 0.014423
0 0.020433 0.237981 0.036058 0.048077
