0 0.019231 0.069712 0.033654 0.086538
0 0.187500 0.082933 0.163462 0.161058
0 0.322115 0.210337 0.153846 0.084135
0 0.471154 0.147837 0.144231 0.098558
0 0.268029 0.617788 0.093750 0.129808
0 0.539663 0.585337 0.122596 0.084135
0 0.645433 0.551683 0.117788 0.060096
0 0.875000 0.522837 0.197115 0.156250
1 0.632212 0.526442 0.019231 0.024038
1 0.931490 0.515625 0.016827 0.026442
1 0.412260 0.125000 0.016827 0.052885
1 0.299279 0.114183 0.180288 0.069712
1 0.384615 0.215144 0.052885 0.026442
1 0.256010 0.209135 0.012019 0.014423
1 0.135817 0.044471 0.021635 0.021635
