0 0.756010 0.064904 0.055288 0.062500
0 0.806490 0.028846 0.050481 0.052885
0 0.900240 0.108173 0.036058 0.067308
0 0.413462 0.094952 0.076923 0.170673
0 0.319712 0.039663 0.129808 0.064904
0 0.372596 0.376202 0.067308 0.117788
0 0.457933 0.451923 0.112981 0.105769
0 0.424279 0.390625 0.060096 0.103365
0 0.396635 0.426683 0.139423 0.074519
0 0.703125 0.163462 0.180288 0.134615
1 0.503606 0.400240 0.012019 0.137019
1 0.868990 0.085337 0.040865 0.012019
1 0.770433 0.040865 0.026442 0.004808
1 0.376202 0.084135 0.040865 0.014423
