0 0.055288 0.147837 0.057692 0.108173
0 0.498798 0.817308 0.112981 0.048077
0 0.388221 0.846154 0.103365 0.072115
0 0.132212 0.819712 0.110577 0.096154
0 0.091346 0.926683 0.100962 0.064904
0 0.167067 0.653846 0.040865 0.100962
0 0.054087 0.692308 0.060096 0.134615
0 0.115385 0.647837 0.076923 0.127404
0 0.078125 0.674279 0.151442 0.146635
1 0.174279 0.545673 0.016827 0.120192
1 0.141827 0.522837 0.062500 0.137019
1 0.204327 0.424279 0.033654 0.021635
1 0.260817 0.765625 0.156250 0.180288
1 0.117788 0.861779 0.024038 0.064904
1 0.121394 0.977163 0.026442 0.045673
1 0.138221 0.979567 0.016827 0.040865
1 0.180288 0.929087 0.043269 0.141827
1 0.472356 0.894231 0.036058 0.115385
1 0.555288 0.780048 0.019231 0.016827
