0 0.388221 0.134615 0.146635 0.081731
0 0.496394 0.259615 0.108173 0.120192
0 0.515625 0.384615 0.040865 0.105769
0 0.594952 0.335337 0.079327 0.141827
0 0.621394 0.324519 0.132212 0.038462
0 0.495192 0.276442 0.173077 0.048077
0 0.489183 0.317308 0.132212 0.038462
0 0.474760 0.350962 0.064904 0.100962
0 0.269231 0.730769 0.096154 0.163462
0 0.804087 0.975962 0.040865 0.043269
0 0.843750 0.842548 0.062500 0.055288
0 0.010817 0.545673 0.016827 0.052885
0 0.008413 0.506010 0.012019 0.036058
1 0.635817 0.278846 0.093750 0.052885
1 0.581731 0.393029 0.081731 0.069712
1 0.117788 0.469952 0.192308 0.132212
1 0.277644 0.669471 0.040865 0.026442
1 0.804087 0.907452 0.026442 0.103365
