1 0.169922 0.056204 0.013672 0.038176
1 0.143555 0.092259 0.058594 0.038176
1 0.076172 0.084836 0.013672 0.019088
1 0.314453 0.121421 0.070312 0.060445
1 0.391113 0.076882 0.034180 0.028632
1 0.150879 0.163839 0.010742 0.013786
1 0.039551 0.218452 0.028320 0.021209
1 0.004395 0.118770 0.004883 0.016967
1 0.326172 0.264051 0.013672 0.019088
1 0.367188 0.296925 0.013672 0.014846
1 0.301758 0.261400 0.005859 0.005302
1 0.525879 0.237540 0.038086 0.027572
1 0.336426 0.120891 0.012695 0.016967
1 0.884766 0.030753 0.009766 0.019088
1 0.706055 0.196713 0.011719 0.028632
1 0.614258 0.273065 0.011719 0.028632
1 0.978516 0.278367 0.017578 0.009544
1 0.924805 0.180806 0.011719 0.007423
1 0.924805 0.190350 0.009766 0.009544
1 0.907227 0.387063 0.007812 0.027572
1 0.921387 0.392365 0.016602 0.012725
1 0.721680 0.423118 0.015625 0.014846
1 0.659668 0.470838 0.006836 0.027572
1 0.846680 0.520679 0.009766 0.033934
1 0.970215 0.492577 0.004883 0.005302
1 0.075684 0.846766 0.010742 0.011665
1 0.093262 0.868505 0.010742 0.016967
1 0.010254 0.806469 0.018555 0.015907
1 0.174805 0.708908 0.017578 0.007423
1 0.298340 0.682927 0.010742 0.016967
1 0.388184 0.666490 0.006836 0.011665
1 0.431641 0.792153 0.033203 0.019088
1 0.566895 0.802227 0.008789 0.009544
1 0.555176 0.780488 0.012695 0.006363
1 0.500977 0.918876 0.005859 0.007423
1 0.608887 0.894486 0.004883 0.007423
1 0.238770 0.899258 0.006836 0.021209
1 0.098145 0.916225 0.006836 0.019088
1 0.923340 0.585366 0.020508 0.023330
1 0.959473 0.613998 0.010742 0.014846
1 0.983887 0.627784 0.010742 0.016967
1 0.760254 0.659067 0.022461 0.024390
1 0.750000 0.603924 0.015625 0.024390
1 0.704590 0.689290 0.020508 0.014846
1 0.636719 0.659067 0.011719 0.007423
1 0.777344 0.763521 0.023438 0.014846
1 0.786133 0.887593 0.011719 0.006363
1 0.770508 0.889714 0.013672 0.010604
1 0.150879 0.599152 0.022461 0.019088
1 0.115723 0.613468 0.012695 0.007423
1 0.036133 0.394486 0.013672 0.016967
1 0.131836 0.451220 0.015625 0.009544
1 0.183594 0.459173 0.005859 0.016967
1 0.183594 0.489396 0.007812 0.018028
1 0.513184 0.501591 0.006836 0.019088
1 0.431641 0.397137 0.007812 0.005302
1 0.350098 0.485154 0.010742 0.011665
1 0.315918 0.509014 0.008789 0.019088
0 0.176758 0.261400 0.035156 0.043478
0 0.289551 0.268293 0.018555 0.014846
0 0.093262 0.130435 0.045898 0.040297
0 0.390137 0.037646 0.040039 0.045599
0 0.169434 0.018558 0.010742 0.030753
0 0.013672 0.223224 0.025391 0.041357
0 0.530762 0.173383 0.028320 0.028632
0 0.502930 0.270944 0.015625 0.045599
0 0.161133 0.444327 0.050781 0.014846
0 0.310547 0.470838 0.029297 0.025451
0 0.320801 0.487805 0.012695 0.019088
1 0.320801 0.475610 0.004883 0.009544
0 0.416504 0.549311 0.026367 0.016967
0 0.419434 0.401909 0.041992 0.019088
0 0.443848 0.397137 0.018555 0.011665
0 0.341309 0.480382 0.008789 0.019088
0 0.025391 0.801697 0.017578 0.023330
0 0.051758 0.829799 0.041016 0.028632
0 0.267090 0.809120 0.028320 0.021209
0 0.136719 0.676034 0.039062 0.028632
0 0.093262 0.930541 0.010742 0.013786
0 0.208008 0.911453 0.031250 0.028632
0 0.504883 0.927890 0.029297 0.019088
0 0.456055 0.811241 0.021484 0.025451
0 0.595215 0.887593 0.024414 0.023330
0 0.678223 0.713680 0.034180 0.040297
0 0.792969 0.878049 0.017578 0.025451
0 0.770020 0.861082 0.038086 0.055143
0 0.767090 0.787911 0.008789 0.040297
0 0.744141 0.764051 0.035156 0.011665
0 0.750977 0.785260 0.015625 0.030753
0 0.331055 0.706257 0.029297 0.019088
0 0.280762 0.665960 0.026367 0.016967
0 0.638672 0.073171 0.017578 0.031813
0 0.872559 0.194592 0.020508 0.030753
0 0.650391 0.496819 0.019531 0.030753
0 0.655762 0.504242 0.016602 0.047720
0 0.659180 0.656416 0.035156 0.016967
0 0.733887 0.449629 0.016602 0.040297
0 0.789551 0.437434 0.034180 0.041357
1 0.794434 0.430541 0.004883 0.004242
0 0.924805 0.592259 0.027344 0.026511
0 0.975098 0.542418 0.016602 0.013786
0 0.961426 0.494698 0.012695 0.013786
0 0.865723 0.073171 0.014648 0.044539
1 0.216309 0.303818 0.032227 0.018028
0 0.096680 0.606575 0.025391 0.023330
0 0.839844 0.561506 0.013672 0.051962
0 0.744141 0.629905 0.017578 0.031813
0 0.951172 0.006893 0.035156 0.011665
1 0.492676 0.341994 0.018555 0.009544
1 0.875977 0.554083 0.015625 0.011665
1 0.867676 0.551962 0.004883 0.015907
0 0.174805 0.094910 0.009766 0.045599
1 0.493652 0.562566 0.022461 0.009544
