0 0.242788 0.532452 0.120192 0.064904
0 0.014423 0.472356 0.024038 0.098558
0 0.546875 0.937500 0.069712 0.125000
0 0.497596 0.983173 0.129808 0.024038
0 0.299279 0.432692 0.098558 0.177885
0 0.341346 0.030048 0.149038 0.055288
0 0.319712 0.098558 0.120192 0.062500
0 0.271635 0.177885 0.067308 0.120192
0 0.328125 0.234375 0.117788 0.209135
0 0.335337 0.225962 0.074519 0.173077
1 0.151442 0.531250 0.072115 0.048077
1 0.204327 0.338942 0.100962 0.033654
0 0.014423 0.877404 0.024038 0.043269
1 0.390625 0.269231 0.036058 0.019231
1 0.384615 0.305288 0.033654 0.024038
1 0.406250 0.081731 0.052885 0.158654
1 0.287260 0.091346 0.016827 0.076923
1 0.346154 0.109375 0.043269 0.189904
1 0.362981 0.219952 0.038462 0.021635
1 0.308894 0.262019 0.045673 0.043269
