0 0.552885 0.138221 0.115385 0.146635
0 0.538462 0.449519 0.134615 0.149038
0 0.603365 0.506010 0.120192 0.079327
0 0.770433 0.620192 0.156250 0.052885
0 0.929087 0.948317 0.069712 0.103365
0 0.372596 0.881010 0.100962 0.112981
0 0.340144 0.959135 0.079327 0.076923
0 0.300481 0.763221 0.125000 0.146635
0 0.174279 0.729567 0.122596 0.209135
0 0.082933 0.627404 0.112981 0.216346
1 0.469952 0.040865 0.069712 0.062500
1 0.424279 0.401442 0.098558 0.048077
1 0.457933 0.620192 0.170673 0.163462
1 0.372596 0.781250 0.028846 0.115385
1 0.014423 0.556490 0.024038 0.031250
1 0.669471 0.605769 0.040865 0.009615
1 0.629808 0.633413 0.134615 0.026442
1 0.439904 0.823317 0.028846 0.026442
