0 0.116587 0.227163 0.146635 0.050481
0 0.393029 0.115385 0.112981 0.062500
0 0.225962 0.094952 0.139423 0.069712
0 0.462740 0.641827 0.189904 0.086538
0 0.117788 0.705529 0.125000 0.098558
0 0.757212 0.555288 0.168269 0.100962
0 0.968750 0.551683 0.062500 0.175481
0 0.835337 0.963942 0.045673 0.072115
0 0.506010 0.963942 0.074519 0.072115
0 0.584135 0.948317 0.120192 0.103365
1 0.122596 0.181490 0.033654 0.045673
1 0.175481 0.105769 0.322115 0.028846
1 0.330529 0.134615 0.026442 0.014423
1 0.057692 0.551683 0.110577 0.026442
1 0.188702 0.760817 0.016827 0.031250
1 0.893029 0.552885 0.088942 0.086538
1 0.788462 0.902644 0.057692 0.055288
1 0.838942 0.924279 0.024038 0.021635
0 0.556490 0.985577 0.055288 0.028846
1 0.395433 0.633413 0.012019 0.012019
1 0.950721 0.012019 0.040865 0.019231
0 0.981971 0.034856 0.036058 0.040865
