0 0.054087 0.193510 0.103365 0.108173
0 0.177885 0.194712 0.153846 0.043269
0 0.349760 0.153846 0.161058 0.052885
0 0.599760 0.207933 0.127404 0.060096
0 0.615385 0.061298 0.163462 0.069712
0 0.365385 0.020433 0.048077 0.036058
0 0.287260 0.057692 0.209135 0.110577
1 0.463942 0.173077 0.149038 0.062500
1 0.384615 0.120192 0.009615 0.019231
1 0.484375 0.091346 0.108173 0.096154
1 0.548077 0.056490 0.091346 0.045673
1 0.691106 0.033654 0.036058 0.057692
1 0.568510 0.123798 0.012019 0.112981
1 0.612981 0.094952 0.052885 0.021635
