0 0.157869 0.099830 0.023460 0.032240
1 0.130743 0.143948 0.014174 0.018665
0 0.145161 0.166007 0.016618 0.028846
1 0.234360 0.130939 0.034702 0.024321
1 0.208700 0.159785 0.005865 0.003959
1 0.114125 0.111991 0.007331 0.006787
1 0.107283 0.112274 0.007331 0.007353
1 0.214321 0.168835 0.002444 0.002828
1 0.165689 0.225679 0.016618 0.033937
1 0.167155 0.249717 0.004888 0.008484
1 0.167400 0.276584 0.004399 0.003394
0 0.208456 0.136878 0.016129 0.044118
0 0.203812 0.177036 0.027370 0.011312
0 0.251466 0.157240 0.008309 0.029412
0 0.146383 0.197115 0.025904 0.025452
0 0.165689 0.257353 0.035191 0.049774
0 0.171310 0.283088 0.011241 0.033371
0 0.299853 0.007636 0.009286 0.014140
1 0.282258 0.076640 0.005376 0.003959
1 0.305230 0.163462 0.031769 0.046380
0 0.278592 0.176188 0.023460 0.027715
0 0.396139 0.157240 0.032747 0.036199
1 0.583089 0.065611 0.001955 0.019231
0 0.548631 0.014140 0.017107 0.027149
0 0.576002 0.043835 0.031769 0.028846
0 0.582600 0.081165 0.021505 0.036765
0 0.590909 0.089932 0.013685 0.006787
1 0.823069 0.134333 0.004888 0.005090
0 0.805474 0.135747 0.031281 0.010181
1 0.837243 0.079468 0.003910 0.006222
0 0.844330 0.080882 0.017107 0.044118
0 0.849707 0.215498 0.008309 0.020362
0 0.950880 0.074661 0.021994 0.019231
1 0.905181 0.250848 0.006843 0.028846
1 0.864370 0.296663 0.002444 0.005090
0 0.883920 0.279695 0.045455 0.029977
1 0.962610 0.303450 0.025904 0.016403
0 0.987048 0.319287 0.025904 0.017534
1 0.675953 0.212670 0.001955 0.005656
0 0.681329 0.233314 0.015640 0.035633
0 0.257087 0.255656 0.018573 0.021493
0 0.278348 0.302885 0.011241 0.018665
0 0.205523 0.316459 0.011241 0.037896
0 0.012463 0.317873 0.023949 0.026018
1 0.033969 0.337952 0.031769 0.103507
0 0.053763 0.396776 0.012708 0.015271
0 0.050587 0.408937 0.010264 0.027149
1 0.064516 0.408654 0.001955 0.002828
0 0.064516 0.412613 0.023460 0.019796
0 0.053275 0.428733 0.007820 0.010181
0 0.057674 0.428450 0.011730 0.027715
1 0.101417 0.462670 0.002444 0.006787
1 0.066716 0.469174 0.013196 0.049208
1 0.076979 0.487274 0.006354 0.008484
1 0.092375 0.504525 0.006843 0.004525
0 0.072581 0.513009 0.012219 0.023756
0 0.080890 0.498303 0.024927 0.010181
0 0.543500 0.503394 0.020528 0.027149
1 0.605327 0.413744 0.006354 0.008484
0 0.607038 0.415724 0.021505 0.041855
0 0.613148 0.388009 0.023949 0.023756
0 0.680108 0.414310 0.029814 0.026584
1 0.698925 0.453903 0.010753 0.052602
1 0.704790 0.445984 0.019550 0.036765
1 0.709677 0.490667 0.006843 0.008484
1 0.699658 0.501131 0.004399 0.027149
1 0.740469 0.477658 0.030303 0.031109
1 0.736804 0.485860 0.036657 0.019231
1 0.760020 0.501414 0.001955 0.002828
1 0.785924 0.485294 0.007820 0.007919
1 0.777859 0.516968 0.005376 0.009050
1 0.803030 0.471719 0.005865 0.023756
1 0.815249 0.461821 0.024438 0.022059
0 0.712854 0.473416 0.022972 0.029412
0 0.706745 0.518100 0.024438 0.041855
0 0.694282 0.534785 0.013196 0.037896
0 0.770039 0.494344 0.029814 0.012443
0 0.814761 0.436934 0.034213 0.029977
0 0.800098 0.539876 0.041056 0.040158
1 0.843353 0.350679 0.009286 0.007919
0 0.851173 0.361991 0.013196 0.028281
1 0.861437 0.477941 0.007331 0.003394
1 0.861926 0.487274 0.002444 0.001697
1 0.845797 0.463518 0.001466 0.002828
0 0.856794 0.449943 0.021505 0.039027
0 0.853617 0.483032 0.021017 0.037330
0 0.979472 0.479921 0.040078 0.023190
0 0.993891 0.481052 0.012219 0.016403
0 0.995601 0.492930 0.008798 0.010747
0 0.984848 0.509615 0.016618 0.022624
1 0.850929 0.591912 0.013685 0.014140
0 0.834311 0.581448 0.024438 0.027149
1 0.723118 0.638292 0.008309 0.002828
0 0.695992 0.602658 0.017595 0.039027
1 0.526637 0.631222 0.028837 0.014706
0 0.524438 0.611143 0.031281 0.025452
0 0.569892 0.600396 0.031281 0.019796
0 0.578201 0.553733 0.020528 0.033937
1 0.119746 0.581448 0.022483 0.004525
1 0.075758 0.571833 0.001955 0.001131
0 0.092131 0.575226 0.033724 0.012443
1 0.032991 0.589932 0.012219 0.035068
0 0.018328 0.624434 0.021017 0.033937
1 0.010020 0.672511 0.012219 0.004525
0 0.030059 0.662048 0.020039 0.019796
1 0.034457 0.664027 0.002444 0.001131
0 0.011730 0.655543 0.019550 0.031674
0 0.072581 0.795814 0.016129 0.045249
0 0.080401 0.794966 0.037634 0.014140
1 0.447703 0.744061 0.008798 0.014140
0 0.441349 0.742364 0.022483 0.023190
1 0.475562 0.766120 0.023460 0.036765
0 0.448680 0.753111 0.031281 0.014140
0 0.856305 0.691176 0.024438 0.019231
1 0.993646 0.638575 0.004888 0.004525
1 0.992180 0.654412 0.005865 0.015837
0 0.997067 0.641403 0.005865 0.012443
0 0.609482 0.882353 0.009775 0.038462
1 0.590176 0.905260 0.028837 0.008484
0 0.015640 0.957579 0.013685 0.027149
1 0.365836 0.993213 0.012219 0.011312
0 0.370723 0.969740 0.026882 0.036765
1 0.851906 0.982749 0.014663 0.020928
0 0.839687 0.995758 0.012708 0.008484
