0 0.341309 0.004802 0.007812 0.008475
0 0.351074 0.010734 0.019531 0.020339
0 0.393311 0.006780 0.027832 0.012429
0 0.383789 0.009040 0.034180 0.016949
1 0.389160 0.029096 0.002930 0.001695
1 0.399414 0.040678 0.001953 0.004520
1 0.446777 0.017514 0.034180 0.033898
0 0.418213 0.046045 0.023926 0.027684
0 0.403564 0.034463 0.030762 0.015819
1 0.549316 0.004802 0.020508 0.008475
1 0.857178 0.164407 0.026855 0.020339
0 0.841309 0.171186 0.009766 0.037288
0 0.850098 0.210452 0.021484 0.026554
1 0.992676 0.153107 0.013672 0.006780
0 0.989258 0.166384 0.021484 0.018644
0 0.964355 0.140395 0.045898 0.023164
1 0.941162 0.137288 0.002441 0.002260
0 0.523682 0.405367 0.014160 0.018644
0 0.533203 0.424576 0.008789 0.017514
0 0.081543 0.349718 0.018555 0.047458
1 0.057373 0.473446 0.017090 0.014689
0 0.090332 0.470621 0.047852 0.027119
0 0.167236 0.488418 0.018066 0.020904
0 0.155029 0.466102 0.011230 0.024859
0 0.088623 0.560169 0.010254 0.034463
0 0.144043 0.577966 0.025391 0.032768
1 0.386475 0.540113 0.004395 0.013559
1 0.403809 0.538418 0.007812 0.010169
0 0.466797 0.567232 0.034180 0.041808
1 0.693359 0.523729 0.006836 0.016949
0 0.700928 0.509887 0.026855 0.009605
1 0.857910 0.486158 0.002930 0.008475
1 0.861084 0.492655 0.007324 0.004520
0 0.842773 0.484181 0.028320 0.023729
0 0.823975 0.489266 0.030762 0.010169
1 0.881836 0.513277 0.005859 0.006215
0 0.894287 0.519492 0.018066 0.011864
0 0.882812 0.537288 0.018555 0.014689
0 0.950195 0.536441 0.019531 0.020904
0 0.832520 0.719492 0.030273 0.031073
0 0.821533 0.719492 0.023926 0.026554
1 0.795166 0.732486 0.003418 0.007345
1 0.773926 0.742090 0.012695 0.015254
1 0.598877 0.712712 0.004395 0.011864
1 0.589844 0.748023 0.015625 0.005650
1 0.603516 0.758475 0.008789 0.011864
0 0.795410 0.740395 0.029297 0.020904
0 0.650391 0.700847 0.041992 0.029944
0 0.589844 0.706215 0.025391 0.019209
0 0.578613 0.729944 0.012695 0.028249
0 0.515137 0.621469 0.023438 0.011299
0 0.310059 0.721469 0.033203 0.015819
1 0.213623 0.716667 0.020020 0.023164
0 0.245361 0.712429 0.017090 0.037288
0 0.247314 0.737288 0.012207 0.012429
0 0.229004 0.731638 0.013672 0.011299
0 0.232178 0.742938 0.011230 0.007910
0 0.232666 0.747458 0.038574 0.007910
0 0.094238 0.606215 0.015625 0.032768
0 0.099854 0.655932 0.034668 0.037288
1 0.117920 0.613842 0.005371 0.008475
1 0.073730 0.708475 0.027344 0.009040
0 0.068848 0.688983 0.019531 0.018644
0 0.058838 0.694068 0.012207 0.020904
1 0.515381 0.790395 0.009277 0.009040
0 0.491699 0.792373 0.037109 0.019774
1 0.538818 0.811299 0.003418 0.005650
0 0.524414 0.801412 0.028320 0.015254
0 0.502686 0.802825 0.038574 0.013559
0 0.480469 0.813842 0.022461 0.019774
0 0.541992 0.850000 0.011719 0.041243
0 0.530273 0.853955 0.028320 0.019774
0 0.680420 0.788418 0.020996 0.026554
0 0.683105 0.792373 0.023438 0.025424
1 0.648682 0.923446 0.058105 0.028814
0 0.696533 0.856497 0.006348 0.032768
0 0.686279 0.892938 0.020996 0.036723
0 0.684570 0.909322 0.018555 0.025424
0 0.909180 0.966384 0.024414 0.034463
0 0.929443 0.984746 0.010254 0.030508
0 0.920166 0.991525 0.007324 0.015819
1 0.200195 0.946045 0.003906 0.003955
0 0.215576 0.954520 0.026855 0.017514
0 0.235107 0.980791 0.016113 0.031638
