1 0.085205 0.015554 0.002441 0.002828
0 0.061768 0.019231 0.014160 0.037330
0 0.081299 0.019796 0.020996 0.032805
0 0.075928 0.017534 0.015137 0.033937
0 0.087158 0.004525 0.014160 0.007919
0 0.222168 0.117081 0.021484 0.012443
0 0.260254 0.128111 0.010742 0.052602
0 0.304932 0.073247 0.024902 0.017534
0 0.011230 0.230204 0.021484 0.012443
1 0.570068 0.233032 0.005371 0.003394
0 0.556885 0.225113 0.023926 0.023756
1 0.550293 0.250848 0.018555 0.034502
1 0.589111 0.260747 0.002441 0.006787
1 0.588379 0.272624 0.003906 0.003394
1 0.642822 0.301753 0.016113 0.025452
0 0.623779 0.279412 0.024902 0.022624
0 0.603516 0.275170 0.030273 0.022059
0 0.601562 0.259333 0.028320 0.014140
0 0.773438 0.077489 0.014648 0.022624
1 0.949219 0.175905 0.003906 0.004525
1 0.960205 0.165158 0.013184 0.016968
0 0.953613 0.189762 0.034180 0.037896
0 0.952637 0.282240 0.013672 0.033937
0 0.245117 0.563066 0.011719 0.040158
1 0.160645 0.601527 0.005859 0.005090
0 0.172607 0.610577 0.019043 0.027715
0 0.471436 0.530543 0.010254 0.033937
0 0.467529 0.576640 0.010254 0.036765
0 0.537354 0.652715 0.025879 0.027149
1 0.507080 0.617081 0.080566 0.045249
1 0.941162 0.760181 0.004395 0.002262
0 0.947998 0.740385 0.016113 0.041855
0 0.953857 0.739536 0.013184 0.033371
1 0.952637 0.718609 0.005859 0.002828
0 0.522949 0.757919 0.061523 0.040724
1 0.483398 0.737274 0.018555 0.006222
0 0.164062 0.702206 0.009766 0.037896
0 0.146240 0.689197 0.027832 0.034502
0 0.466309 0.858314 0.036133 0.017534
1 0.959229 0.945419 0.003418 0.005090
0 0.968018 0.945419 0.023926 0.029977
0 0.949463 0.957296 0.022949 0.018665
0 0.725342 0.953337 0.019043 0.032240
1 0.724609 0.964932 0.001953 0.002262
1 0.652832 0.949095 0.002930 0.001131
1 0.654297 0.968891 0.001953 0.002262
0 0.648438 0.954751 0.011719 0.030543
