0 0.253662 0.018100 0.020020 0.035068
1 0.243408 0.042986 0.004395 0.015837
1 0.236572 0.090498 0.008301 0.009050
1 0.432129 0.152432 0.006836 0.005090
0 0.433105 0.173360 0.014648 0.036765
0 0.495361 0.012161 0.016113 0.023190
1 0.604248 0.105486 0.021973 0.006222
1 0.568848 0.103790 0.001953 0.003959
0 0.573975 0.107466 0.038574 0.013575
1 0.642578 0.061086 0.011719 0.003394
1 0.642578 0.251131 0.004883 0.006787
1 0.813721 0.113122 0.001465 0.002262
1 0.837891 0.106052 0.019531 0.019796
1 0.847412 0.091346 0.004395 0.005090
0 0.806641 0.122455 0.041992 0.019796
1 0.961670 0.014706 0.016113 0.007919
1 0.979492 0.007070 0.020508 0.013009
1 0.687744 0.392251 0.006348 0.009615
1 0.688232 0.434672 0.007324 0.027715
0 0.682129 0.467477 0.010742 0.039027
0 0.536133 0.418269 0.029297 0.010747
0 0.507324 0.417138 0.027344 0.009615
1 0.473389 0.423643 0.041504 0.009050
1 0.424316 0.422794 0.041016 0.009615
0 0.458984 0.445984 0.028320 0.041290
0 0.409912 0.424774 0.039551 0.023756
0 0.132568 0.509050 0.051270 0.016968
1 0.153564 0.519231 0.001465 0.003394
1 0.500977 0.624717 0.004883 0.002828
1 0.514160 0.616233 0.012695 0.007353
1 0.472168 0.678450 0.044922 0.039027
0 0.517822 0.621324 0.027832 0.018665
0 0.494873 0.641968 0.008301 0.035068
1 0.659912 0.596437 0.002441 0.024321
1 0.687500 0.606900 0.001953 0.002262
0 0.675781 0.611991 0.033203 0.012443
1 0.905762 0.639989 0.020508 0.031109
0 0.892090 0.671946 0.011719 0.033937
1 0.895264 0.681844 0.001465 0.001697
1 0.927246 0.766686 0.005859 0.002828
1 0.929932 0.758767 0.010254 0.017534
1 0.918457 0.762726 0.011719 0.010747
1 0.912354 0.794683 0.003418 0.003394
1 0.945557 0.739536 0.003418 0.002828
0 0.950195 0.740667 0.012695 0.034502
0 0.936279 0.759615 0.011230 0.042986
0 0.919922 0.782523 0.015625 0.027715
0 0.673828 0.715498 0.028320 0.019231
0 0.671631 0.719740 0.033691 0.023190
1 0.711670 0.719740 0.044434 0.016403
1 0.649170 0.711256 0.012207 0.001697
1 0.649658 0.710124 0.012207 0.003959
1 0.649902 0.701923 0.012695 0.015837
0 0.727295 0.742081 0.023926 0.063348
1 0.485352 0.768100 0.018555 0.029412
1 0.480469 0.775170 0.006836 0.037896
1 0.492188 0.803733 0.018555 0.003394
1 0.529053 0.818722 0.007324 0.002828
1 0.525146 0.816742 0.002441 0.004525
1 0.527100 0.777432 0.021973 0.010747
1 0.545410 0.829186 0.014648 0.004525
0 0.512207 0.765554 0.012695 0.027715
0 0.503662 0.785916 0.008301 0.027715
0 0.502930 0.799491 0.019531 0.032240
0 0.525391 0.825509 0.026367 0.019796
0 0.638428 0.974265 0.059082 0.051471
0 0.677490 0.934672 0.017090 0.027715
1 0.687012 0.904695 0.010742 0.003959
0 0.708252 0.890554 0.031738 0.034502
0 0.729980 0.866516 0.030273 0.015837
1 0.738525 0.856335 0.004395 0.004525
