1 0.021729 0.148870 0.020020 0.012994
1 0.178711 0.117514 0.019531 0.024859
1 0.018311 0.242373 0.011230 0.028249
0 0.007324 0.126271 0.013672 0.033333
0 0.054443 0.104237 0.012207 0.054802
0 0.037598 0.151977 0.025391 0.041808
0 0.031494 0.210452 0.020020 0.034463
0 0.020752 0.215537 0.020996 0.024294
0 0.035156 0.244350 0.013672 0.033333
0 0.169434 0.099435 0.029297 0.012429
1 0.394287 0.006497 0.007324 0.011864
1 0.420166 0.017797 0.001465 0.003955
0 0.412354 0.013277 0.028809 0.010734
1 0.629150 0.206497 0.025879 0.023164
0 0.604004 0.232203 0.025391 0.032768
1 0.864746 0.111864 0.005859 0.015819
1 0.962891 0.118362 0.013672 0.011864
0 0.884521 0.120339 0.033691 0.011299
0 0.923584 0.123729 0.029785 0.013559
0 0.957275 0.094068 0.010254 0.035593
0 0.904541 0.401977 0.026855 0.019774
1 0.916748 0.425424 0.006348 0.005650
1 0.916504 0.427966 0.006836 0.010734
1 0.895264 0.416102 0.018066 0.005085
0 0.903809 0.411864 0.022461 0.022599
1 0.548828 0.343503 0.007812 0.019209
0 0.578857 0.315819 0.015137 0.028249
0 0.557861 0.367797 0.015137 0.030508
0 0.441650 0.412147 0.022949 0.018644
1 0.446045 0.422599 0.002441 0.005650
1 0.278320 0.568079 0.034180 0.027684
1 0.356689 0.562994 0.028809 0.015254
1 0.367432 0.583333 0.006348 0.011864
0 0.326172 0.556780 0.032227 0.010734
0 0.314209 0.551977 0.040527 0.013559
0 0.384033 0.564972 0.027832 0.030508
1 0.520508 0.545763 0.008789 0.013559
0 0.520996 0.535876 0.031250 0.018644
0 0.531982 0.565819 0.016113 0.036723
0 0.613525 0.599435 0.034668 0.020339
1 0.641113 0.604520 0.022461 0.020339
1 0.964600 0.676554 0.012207 0.015254
1 0.950684 0.699153 0.014648 0.010734
1 0.952148 0.652542 0.003906 0.001130
0 0.951660 0.659322 0.033203 0.023729
0 0.948975 0.681921 0.025879 0.042938
0 0.746582 0.675989 0.015625 0.025424
1 0.737793 0.661864 0.002930 0.002825
1 0.420410 0.694633 0.009766 0.001695
0 0.424072 0.685876 0.033691 0.023729
0 0.270996 0.822881 0.043945 0.051412
1 0.261719 0.805085 0.003906 0.003390
1 0.275391 0.922881 0.018555 0.010734
1 0.320801 0.892373 0.009766 0.014124
0 0.302979 0.896045 0.037598 0.048588
1 0.989990 0.963277 0.006348 0.004520
1 0.968994 0.988418 0.002441 0.009605
0 0.981201 0.974576 0.026855 0.018079
1 0.731689 0.976271 0.020020 0.005650
0 0.723633 0.962994 0.022461 0.036723
0 0.604736 0.978814 0.022949 0.040113
1 0.594971 0.972599 0.012207 0.024294
1 0.611084 0.957627 0.005371 0.003390
