0 0.881836 0.861612 0.032227 0.037116
0 0.860596 0.869035 0.021973 0.012725
0 0.777100 0.845970 0.033691 0.032344
0 0.753662 0.845440 0.017090 0.022800
0 0.752686 0.866119 0.026855 0.014316
1 0.755127 0.860021 0.004395 0.009544
0 0.517090 0.880700 0.031250 0.039236
0 0.548340 0.912513 0.034180 0.027572
0 0.517578 0.726670 0.016602 0.030223
0 0.527344 0.673913 0.029297 0.031813
0 0.526367 0.661983 0.027344 0.029162
1 0.510498 0.696978 0.013184 0.018558
0 0.313477 0.825292 0.033203 0.013256
0 0.322266 0.792418 0.059570 0.020679
0 0.068848 0.810710 0.017578 0.012725
0 0.039551 0.901909 0.034180 0.016967
0 0.373779 0.604719 0.030762 0.038706
0 0.369141 0.595705 0.010742 0.032344
0 0.373779 0.568664 0.027832 0.021739
1 0.380615 0.583245 0.020020 0.007423
1 0.380127 0.578738 0.020020 0.015376
1 0.396484 0.579268 0.017578 0.013256
1 0.268799 0.541622 0.013184 0.040827
0 0.287354 0.558324 0.046387 0.015907
0 0.092041 0.455992 0.013184 0.024390
0 0.248291 0.380170 0.037598 0.016967
0 0.884521 0.691410 0.031738 0.034995
1 0.908691 0.667550 0.022461 0.020148
1 0.885498 0.664634 0.028809 0.021739
0 0.791260 0.652439 0.029785 0.033404
0 0.843018 0.528632 0.023926 0.020148
0 0.890625 0.520414 0.021484 0.033404
0 0.703125 0.423118 0.026367 0.050901
1 0.709229 0.395016 0.033691 0.013786
0 0.167969 0.377253 0.014648 0.032344
0 0.162109 0.376988 0.007812 0.015907
1 0.155518 0.382556 0.009277 0.012195
1 0.158203 0.397402 0.013672 0.016437
0 0.289551 0.334040 0.017578 0.028632
0 0.276123 0.311771 0.015137 0.019088
1 0.296631 0.291888 0.027832 0.023860
1 0.309326 0.300901 0.012207 0.031283
0 0.321777 0.274920 0.021484 0.022800
0 0.146729 0.241516 0.045410 0.023860
1 0.118408 0.265642 0.015137 0.040297
0 0.102539 0.277572 0.021484 0.035525
0 0.024170 0.264581 0.011230 0.022269
0 0.988770 0.354719 0.022461 0.062566
0 0.847168 0.362937 0.011719 0.038706
1 0.846924 0.390774 0.015137 0.025451
1 0.799072 0.257953 0.028809 0.030223
0 0.772217 0.280223 0.026855 0.021739
0 0.900391 0.203606 0.031250 0.060445
1 0.882080 0.172853 0.011230 0.011665
1 0.816406 0.221898 0.008789 0.027041
0 0.810059 0.195387 0.027344 0.036585
0 0.762451 0.147402 0.021973 0.033934
1 0.747314 0.141835 0.012207 0.020679
0 0.526855 0.175504 0.017578 0.036055
0 0.687744 0.111347 0.007324 0.048780
0 0.690918 0.119035 0.036133 0.018558
0 0.401855 0.075027 0.036133 0.031283
0 0.361816 0.082185 0.032227 0.015907
1 0.382080 0.081919 0.016113 0.012195
0 0.258057 0.007423 0.016113 0.013786
0 0.121582 0.012990 0.016602 0.021739
0 0.091309 0.022800 0.028320 0.015907
0 0.013672 0.057264 0.026367 0.008484
1 0.021484 0.072641 0.016602 0.029692
0 0.689697 0.074761 0.014160 0.040297
1 0.670654 0.041622 0.029785 0.029162
0 0.652588 0.029692 0.017090 0.024390
0 0.887207 0.102068 0.038086 0.020679
0 0.980225 0.079533 0.012207 0.045599
0 0.991943 0.023330 0.016113 0.016967
1 0.974854 0.024125 0.020996 0.014316
