1 0.207031 0.069989 0.013672 0.038176
1 0.239258 0.080064 0.011719 0.041357
0 0.225098 0.085896 0.026367 0.010604
0 0.279297 0.068399 0.003906 0.011665
0 0.287598 0.066808 0.010742 0.012725
1 0.300781 0.070520 0.050781 0.020148
1 0.263184 0.053552 0.041992 0.022269
1 0.427734 0.110286 0.029297 0.053022
1 0.429199 0.144221 0.008789 0.040297
1 0.186523 0.225345 0.023438 0.041357
1 0.199707 0.201485 0.010742 0.014846
1 0.038086 0.303287 0.029297 0.021209
1 0.037598 0.310710 0.006836 0.010604
1 0.656738 0.048780 0.032227 0.031813
1 0.639160 0.023860 0.010742 0.024390
1 0.646484 0.179745 0.019531 0.011665
1 0.656738 0.185048 0.010742 0.007423
1 0.707520 0.227996 0.030273 0.014846
1 0.536621 0.261930 0.028320 0.016967
1 0.565430 0.258749 0.031250 0.010604
0 0.548828 0.251326 0.017578 0.008484
1 0.647949 0.320785 0.020508 0.041357
1 0.662598 0.334040 0.030273 0.016967
1 0.586914 0.314952 0.017578 0.016967
1 0.584473 0.316013 0.006836 0.012725
1 0.924805 0.098621 0.033203 0.016967
1 0.906250 0.110817 0.017578 0.037116
1 0.898926 0.190350 0.024414 0.015907
1 0.903320 0.176564 0.009766 0.018028
1 0.364746 0.398727 0.040039 0.021209
1 0.395020 0.363733 0.022461 0.021209
1 0.405762 0.352598 0.006836 0.007423
1 0.403809 0.379109 0.008789 0.013786
1 0.422363 0.389183 0.030273 0.019088
1 0.426270 0.429480 0.024414 0.040297
0 0.433594 0.405620 0.007812 0.018028
1 0.447266 0.407211 0.025391 0.010604
1 0.473145 0.519088 0.006836 0.011665
1 0.462402 0.509544 0.010742 0.005302
1 0.471680 0.506893 0.011719 0.027572
1 0.262207 0.536585 0.030273 0.021209
1 0.261719 0.588017 0.009766 0.030753
1 0.254395 0.606575 0.012695 0.014846
1 0.559082 0.618240 0.024414 0.012725
0 0.570312 0.625663 0.011719 0.012725
1 0.726074 0.486744 0.020508 0.023330
1 0.714355 0.472959 0.010742 0.008484
1 0.845703 0.501591 0.029297 0.012725
1 0.830566 0.486744 0.012695 0.023330
1 0.870605 0.572110 0.014648 0.020148
1 0.866211 0.560976 0.011719 0.012725
1 0.648438 0.691410 0.033203 0.046660
1 0.630859 0.787381 0.025391 0.022269
1 0.534180 0.674443 0.033203 0.014846
1 0.733887 0.723224 0.010742 0.029692
1 0.726074 0.731177 0.010742 0.020148
1 0.719238 0.722694 0.012695 0.009544
1 0.656250 0.770944 0.035156 0.023330
1 0.506348 0.670732 0.026367 0.011665
1 0.625977 0.663309 0.015625 0.020148
1 0.531738 0.817603 0.028320 0.010604
1 0.511719 0.829799 0.019531 0.024390
1 0.241699 0.722694 0.014648 0.045599
1 0.104004 0.700954 0.010742 0.046660
1 0.128906 0.664899 0.027344 0.016967
1 0.153320 0.650053 0.019531 0.053022
1 0.118164 0.616119 0.035156 0.029692
0 0.109863 0.653234 0.004883 0.053022
1 0.064453 0.882821 0.046875 0.020148
0 0.058594 0.898727 0.011719 0.026511
1 0.021484 0.855249 0.029297 0.026511
0 0.037109 0.871686 0.013672 0.012725
1 0.066895 0.921527 0.034180 0.031813
1 0.942871 0.781018 0.024414 0.039236
1 0.945312 0.732768 0.052734 0.019088
1 0.945312 0.715801 0.035156 0.027572
1 0.952148 0.758749 0.009766 0.018028
1 0.967773 0.910923 0.017578 0.025451
1 0.986328 0.901379 0.027344 0.012725
