0 0.069824 0.422853 0.028320 0.033404
0 0.123779 0.390509 0.056152 0.018558
1 0.087646 0.390244 0.020996 0.018028
1 0.084961 0.372216 0.006836 0.027572
0 0.060547 0.368505 0.034180 0.045599
0 0.086426 0.347561 0.010742 0.027041
0 0.090088 0.321845 0.012207 0.026511
0 0.148193 0.246819 0.018066 0.035525
1 0.158447 0.275186 0.014160 0.025451
0 0.131104 0.207582 0.027832 0.033404
0 0.287598 0.406416 0.040039 0.037646
1 0.300781 0.378844 0.017578 0.018558
0 0.231445 0.351538 0.035156 0.027572
0 0.285645 0.288971 0.011719 0.020148
0 0.475830 0.312566 0.020996 0.030223
1 0.467529 0.281548 0.011230 0.039236
0 0.661621 0.401909 0.021484 0.023330
0 0.662842 0.369565 0.035645 0.011665
1 0.697754 0.363998 0.034180 0.017497
0 0.715820 0.353393 0.038086 0.014316
0 0.763916 0.260870 0.033691 0.025451
0 0.795410 0.426299 0.011719 0.044539
1 0.809082 0.457317 0.022461 0.019618
0 0.277344 0.520944 0.059570 0.025981
0 0.356201 0.569459 0.011230 0.024390
0 0.492920 0.571580 0.028809 0.025451
0 0.563477 0.534995 0.026367 0.040297
1 0.553223 0.537911 0.032227 0.013256
1 0.557861 0.513521 0.011230 0.012195
1 0.659668 0.595970 0.021484 0.010604
0 0.678711 0.612672 0.019531 0.034464
0 0.781250 0.629374 0.028320 0.023330
0 0.432617 0.718187 0.029297 0.014316
1 0.429443 0.707052 0.019043 0.011135
0 0.163574 0.660657 0.015625 0.049841
1 0.163574 0.630435 0.008789 0.013786
0 0.188477 0.787911 0.012695 0.029692
0 0.349854 0.640244 0.039551 0.018558
1 0.373291 0.637858 0.012207 0.025451
0 0.025879 0.199629 0.011719 0.018558
0 0.318359 0.126193 0.027344 0.027572
1 0.333008 0.155355 0.012695 0.040297
0 0.374512 0.103393 0.012695 0.015907
0 0.434814 0.114528 0.029785 0.024390
0 0.744873 0.137858 0.039551 0.053022
0 0.727051 0.065217 0.048828 0.049841
1 0.756348 0.106310 0.003906 0.015376
0 0.957031 0.312831 0.045898 0.039236
0 0.986084 0.298250 0.019043 0.024920
1 0.967773 0.315217 0.023438 0.015376
0 0.930664 0.255832 0.041016 0.027041
0 0.933838 0.157211 0.025879 0.063097
1 0.954346 0.136002 0.020020 0.023860
1 0.939941 0.152174 0.008789 0.009544
0 0.878906 0.908006 0.054688 0.023860
1 0.910400 0.880435 0.015137 0.034464
0 0.921387 0.868770 0.029297 0.050371
0 0.885498 0.764581 0.021973 0.043478
1 0.920166 0.732503 0.051270 0.027041
0 0.873779 0.711824 0.038574 0.024920
0 0.985107 0.750795 0.029785 0.012725
0 0.461182 0.871951 0.015137 0.035525
0 0.451416 0.847031 0.014160 0.014316
1 0.477295 0.893955 0.024902 0.014846
0 0.207031 0.873012 0.040039 0.015376
1 0.198975 0.858696 0.020996 0.019618
0 0.249268 0.848356 0.062988 0.015907
1 0.290039 0.843319 0.023438 0.010074
1 0.272949 0.852863 0.014648 0.011135
0 0.167236 0.923913 0.067871 0.027041
0 0.116943 0.928420 0.014160 0.018028
0 0.884521 0.603924 0.019043 0.036055
