0 0.059814 0.538176 0.038574 0.032874
0 0.008545 0.481972 0.016113 0.013786
0 0.105469 0.175504 0.022461 0.023330
0 0.121826 0.151909 0.016113 0.021739
1 0.126953 0.177094 0.023438 0.018028
0 0.178955 0.212354 0.012207 0.027041
0 0.268311 0.330594 0.049316 0.040827
1 0.259766 0.349417 0.009766 0.010604
1 0.292236 0.306999 0.005371 0.007423
0 0.074951 0.679215 0.017090 0.024390
1 0.067871 0.696182 0.023438 0.013786
0 0.117432 0.686638 0.025879 0.063627
1 0.104248 0.654825 0.011230 0.007423
0 0.139404 0.678420 0.023926 0.028102
0 0.341797 0.702545 0.009766 0.023330
0 0.432373 0.630700 0.009277 0.015376
0 0.426514 0.621421 0.020996 0.011665
0 0.663330 0.545069 0.015137 0.019088
0 0.524170 0.646076 0.022949 0.023860
0 0.391113 0.495493 0.031250 0.073701
0 0.732422 0.616384 0.014648 0.057794
0 0.470215 0.758218 0.047852 0.018028
0 0.902588 0.606045 0.024902 0.020148
0 0.697266 0.299576 0.022461 0.020148
1 0.679443 0.292418 0.020020 0.004772
1 0.392090 0.488865 0.019531 0.008484
1 0.372070 0.404295 0.016602 0.006893
0 0.361328 0.413043 0.014648 0.026511
0 0.161621 0.585101 0.026367 0.036585
0 0.169922 0.570785 0.024414 0.033404
1 0.161377 0.598091 0.015137 0.010604
0 0.458496 0.882556 0.022461 0.027041
0 0.447021 0.866914 0.022949 0.034995
1 0.439941 0.864528 0.022461 0.005832
1 0.436523 0.872481 0.013672 0.010074
1 0.421143 0.886002 0.008301 0.012725
0 0.428467 0.874867 0.007324 0.021209
1 0.446045 0.764051 0.010254 0.005302
1 0.895020 0.799576 0.033203 0.046660
0 0.936768 0.765111 0.060059 0.030753
0 0.688721 0.761930 0.011230 0.015907
0 0.991943 0.284199 0.016113 0.016967
0 0.354248 0.060976 0.038574 0.038176
0 0.154053 0.076617 0.022949 0.030223
0 0.986816 0.887593 0.012695 0.018028
