0 0.083008 0.088017 0.035156 0.016967
0 0.254883 0.032874 0.027344 0.025451
1 0.237305 0.016437 0.015625 0.009544
0 0.605469 0.109226 0.035156 0.029692
0 0.883301 0.070520 0.020508 0.039236
0 0.857422 0.168611 0.023438 0.016967
0 0.943848 0.299576 0.034180 0.013786
0 0.923340 0.440085 0.034180 0.038176
0 0.831543 0.470838 0.022461 0.042418
0 0.735840 0.425769 0.012695 0.030753
0 0.527344 0.401909 0.025391 0.021209
0 0.426270 0.511135 0.024414 0.019088
0 0.410645 0.463415 0.020508 0.019088
0 0.357422 0.623542 0.027344 0.023330
0 0.353516 0.659067 0.048828 0.028632
0 0.727051 0.753977 0.028320 0.025451
0 0.760254 0.829268 0.012695 0.025451
0 0.462891 0.856310 0.011719 0.022269
0 0.038086 0.861082 0.013672 0.042418
0 0.025879 0.863203 0.022461 0.025451
0 0.517090 0.208378 0.008789 0.054083
0 0.492676 0.173913 0.014648 0.046660
0 0.254395 0.232238 0.030273 0.019088
0 0.241211 0.306999 0.033203 0.022269
0 0.354004 0.330859 0.036133 0.016967
0 0.242676 0.511135 0.008789 0.038176
0 0.155762 0.663839 0.016602 0.044539
0 0.041016 0.128314 0.019531 0.019088
0 0.081055 0.326087 0.033203 0.020148
0 0.110840 0.337752 0.012695 0.028632
1 0.114258 0.321315 0.011719 0.019088
1 0.038086 0.103924 0.007812 0.025451
1 0.253418 0.215801 0.008789 0.026511
1 0.273438 0.214210 0.011719 0.019088
1 0.377930 0.321315 0.017578 0.021209
1 0.164551 0.637858 0.024414 0.028632
1 0.037598 0.888123 0.014648 0.022269
1 0.447754 0.873277 0.038086 0.015907
1 0.704590 0.763521 0.024414 0.014846
1 0.907227 0.090138 0.031250 0.019088
1 0.837891 0.163839 0.023438 0.009544
1 0.954590 0.416755 0.034180 0.014846
0 0.674805 0.815483 0.015625 0.014846
1 0.765137 0.834040 0.010742 0.009544
0 0.870605 0.785790 0.008789 0.014846
0 0.776855 0.344115 0.018555 0.020148
0 0.995605 0.791622 0.008789 0.011665
1 0.987793 0.794274 0.008789 0.008484
