1 0.013221538461538448 0.11899109375000003 0.026443076923076896 0.06490378846153855
1 0.9086547692307694 0.13100981009615376 0.043268923076923316 0.021634596153846206
1 0.7331741538461538 0.3774048293269231 0.019229538461538298 0.06250095192307698
1 0.7680295384615383 0.38942354567307697 0.04086646153846152 0.02884537259615394
1 0.2764430769230769 0.45913527403846155 0.038461538461538436 0.03365331249999998
1 0.12379815384615393 0.5673082548076922 0.016827076923077083 0.06250095192307692
1 0.5841353846153845 0.6802891754807692 0.024039384615384463 0.07692250480769214
1 0.8882215384615386 0.6165868052884615 0.012019692307692176 0.012018716346153924
1 0.7728369230769232 0.8269234086538463 0.05048123076923061 0.052885072115384846
1 0.8617796923076924 0.8918271971153848 0.02644184615384626 0.0336533124999997
1 0.9218756923076922 0.923077673076923 0.02644184615384626 0.038461252403846014
1 0.37139446153846145 0.9831734326923077 0.05528861538461555 0.03365313461538455
1 0.34615384615384615 0.8689911826923078 0.038461538461538436 0.05528790865384614
1 0.06730830769230778 0.9927887457932693 0.028846769230769315 0.014422508413461488
0 0.10096246153846167 0.6262026850961538 0.0480763076923076 0.06971172836538475
0 0.1141833846153845 0.6430293413461539 0.040866461538461546 0.10817298076923076
0 0.12259692307692305 0.9843754176682692 0.08653784615384608 0.031249164663461615
0 0.3064910769230768 0.5192311225961539 0.04086646153846152 0.0913463245192308
0 0.4435101538461539 0.49158716826923077 0.08413538461538489 0.09374916105769238
1 0.45552984615384606 0.47596193028846157 0.012019692307692231 0.009615879807692296
0 0.7764430769230769 0.8425486466346153 0.06730830769230778 0.06009584855769223
0 0.9002412307692308 0.7295677259615384 0.04086646153846152 0.031250475961538626
0 0.8665870769230769 0.6213947451923078 0.031249230769230474 0.031250475961538404
0 0.5673083076923078 0.7728369182692307 0.03365415384615367 0.11778886057692317
0 0.33173169230769245 0.9278856129807694 0.043268923076923316 0.07211456490384638
1 0.6562510769230769 0.7560102620192308 0.03846153846153855 0.026442536057692645
1 0.6358178461538462 0.7512023221153845 0.012019692307692287 0.036058415865384386
