1 0.08413538461538458 0.18028917548076923 0.024039384615384463 0.07692250480769211
1 0.3882215384615386 0.11658680528846148 0.012019692307692231 0.012018716346153924
1 0.2728369230769232 0.3269234086538463 0.05048123076923072 0.052885072115384846
1 0.36177969230769236 0.3918271971153847 0.02644184615384626 0.033653312499999755
1 0.4218756923076922 0.4230776730769231 0.026441846153846205 0.03846125240384607
0 0.2764430769230769 0.3425486466346153 0.06730830769230778 0.06009584855769223
0 0.4002412307692308 0.22956772596153835 0.040866461538461574 0.031250475961538626
0 0.3665870769230769 0.12139474519230775 0.03124923076923053 0.03125047596153835
0 0.06730830769230778 0.2728369182692306 0.03365415384615361 0.11778886057692317
1 0.15625107692307694 0.25601026201923077 0.038461538461538436 0.026442536057692534
1 0.13581784615384615 0.25120232211538457 0.012019692307692231 0.03605841586538441
