1 0.3028849230769231 0.09855791586538454 0.03365415384615389 0.04326919230769226
1 0.40384738461538466 0.17307758413461535 0.03365415384615389 0.03365331249999998
1 0.24278892307692312 0.09254855769230771 0.014422153846153724 0.01201871634615391
1 0.7944713846153846 0.03846206730769231 0.09375015384615404 0.06250095192307692
1 0.9987981538461538 0.11899109375000003 0.00240369230769244 0.06490378846153855
1 0.45552984615384606 0.9987981039663462 0.016827076923076778 0.002403792067307675
1 0.7632221538461538 0.637019983173077 0.016827076923077167 0.04326919230769244
1 0.5625009230769231 0.40024084375 0.01922953846153852 0.012018716346153924
1 0.36177969230769236 0.5997601490384614 0.02644184615384626 0.026442536057692423
1 0.27764430769230763 0.6538466394230769 0.021634461538461602 0.04326919230769222
0 0.21274092307692308 0.10817379567307696 0.04567384615384612 0.033653312500000115
0 0.7379815384615385 0.1141831538461539 0.038461538461538436 0.10336504086538466
0 0.26442338461538467 0.5673082548076923 0.07211569230769235 0.057693012019230716
0 0.28966400000000003 0.6057695072115384 0.03124923076923075 0.04326919230769244
1 0.28966400000000003 0.5781255528846153 0.012019692307692231 0.02163459615384622
0 0.5252406153846154 0.7451929639423076 0.0649033846153847 0.038461252403846014
0 0.532452923076923 0.41105814182692313 0.10336492307692319 0.04326919230769227
0 0.5925489230769232 0.40024084375 0.045673846153846065 0.026442536057692423
0 0.34014523076923076 0.5889428509615384 0.021634461538461658 0.04326919230769233
0 0.19110646153846156 0.9951927157451923 0.0649033846153847 0.009614568509615395
1 0.036058461538461546 0.18870282211538458 0.07211692307692309 0.040866355769230894
1 0.7127409230769232 0.27524120673076924 0.045673846153846176 0.021634596153846053
1 0.7151433846153846 0.7752397548076922 0.05528861538461549 0.02163459615384622
