1 0.2740381538461538 0.27524039182692306 0.1730756923076924 0.1370183533653846
1 0.4627396923076923 0.17427818750000001 0.08413538461538456 0.06490378846153844
1 0.3028849230769231 0.5985579158653845 0.03365415384615389 0.04326919230769222
1 0.40384738461538466 0.6730775841346154 0.03365415384615389 0.03365331250000003
1 0.24278892307692312 0.5925485576923077 0.014422153846153724 0.012018716346153924
1 0.7944713846153846 0.5384620673076923 0.09375015384615404 0.06250095192307681
1 0.32812553846153847 0.2740389735576923 0.031249230769230807 0.038461252403846125
1 0.9987981538461538 0.61899109375 0.00240369230769244 0.06490378846153855
1 0.5625009230769231 0.90024084375 0.01922953846153852 0.012018716346153924
0 0.21274092307692308 0.608173795673077 0.04567384615384612 0.03365331250000003
0 0.4603372307692308 0.08533696634615384 0.09855753846153859 0.10336504086538462
0 0.8064910769230769 0.39302925240384623 0.06971076923076891 0.06490378846153838
0 0.7379815384615385 0.614183153846154 0.038461538461538436 0.10336504086538467
0 0.532452923076923 0.9110581418269231 0.10336492307692319 0.04326919230769222
0 0.5925489230769232 0.90024084375 0.045673846153846065 0.026442536057692423
1 0.036058461538461546 0.6887028221153846 0.07211692307692309 0.04086635576923092
1 0.7127409230769232 0.7752412067307692 0.045673846153846176 0.02163459615384611
