1 0.00240430769230762 0.5276449471153848 0.00480861538461524 0.016826656249999794
1 0.37139446153846145 0.010817387019230705 0.05528861538461555 0.02163477403846141
1 0.23437538461538474 0.0625011298076922 0.05048123076923067 0.033653312499999706
1 0.06730830769230778 0.0012020739182691915 0.028846769230769315 0.002404147836538383
1 0.4134621538461539 0.23076995913461545 0.05769353846153863 0.0336533124999997
1 0.4350966153846153 0.5120197091346155 0.028846769230769342 0.014423819711538166
1 0.39663507692307687 0.5168276490384615 0.03365415384615361 0.024037432692307847
0 0.16947200000000007 0.11778903846153851 0.08413538461538486 0.09134632451923087
0 0.4519236923076924 0.49038511298076926 0.043268923076923316 0.057693012019231216
0 0.39543384615384625 0.45192386057692313 0.09375015384615404 0.12499963701923056
0 0.38822153846153856 0.28605786778846154 0.02163446153846138 0.09134632451923091
0 0.33173169230769245 0.23197137740384627 0.08653784615384608 0.026442536057692284
0 0.3485587692307692 0.2800485096153845 0.03846153846153849 0.0697117283653847
0 0.12259692307692305 0.0036060438701922292 0.08653784615384608 0.0072120877403844584
