1 0.0024036923076922864 0.17427818750000001 0.004807384615384573 0.06490378846153844
1 0.2944713846153846 0.5384620673076923 0.09375015384615401 0.06250095192307681
1 0.7379815384615385 0.44591432451923074 0.028846769230769342 0.06490378846153849
1 0.5120196923076923 0.61899109375 0.028846769230769342 0.06490378846153855
1 0.7764430769230769 0.9591352740384615 0.03846153846153855 0.03365331249999992
1 0.06250092307692307 0.90024084375 0.01922953846153856 0.012018716346153924
0 0.004808000000000043 0.08533696634615384 0.009616000000000086 0.10336504086538462
0 0.3064910769230768 0.39302925240384623 0.06971076923076902 0.06490378846153838
0 0.23798153846153844 0.614183153846154 0.03846153846153849 0.10336504086538467
0 0.04206769230769229 0.9110581418269231 0.08413538461538458 0.04326919230769222
0 0.09254892307692313 0.90024084375 0.04567384615384612 0.026442536057692423
0 0.5721156923076924 0.16586599278846154 0.043268923076923316 0.07211456490384616
0 0.8064910769230769 0.9867789801682693 0.04086646153846163 0.02644203966346148
0 0.9435101538461539 0.9723562938701923 0.08413538461538483 0.05528741225961542
1 0.9555298461538461 0.9759619302884617 0.012019692307692287 0.009615879807692296
1 0.21274092307692316 0.7752412067307692 0.04567384615384626 0.02163459615384611
