1 0.2343753846153846 0.04807731009615369 0.026441846153846232 0.038461252403846055
1 0.45552984615384606 0.012019371995192292 0.016827076923076778 0.024038743990384585
1 0.5625009230769231 0.29567374759615384 0.08173046153846142 0.04326919230769238
1 0.8954338461538462 0.3185097620192308 0.02163446153846138 0.021634596153845886
1 0.8665870769230769 0.2692312115384614 0.031249230769230474 0.014423819711538222
1 0.733174153846154 0.5829328557692309 0.014422153846153862 0.016826656249999905
1 0.9963944615384615 0.5276449471153848 0.007211076923076987 0.016826656249999794
1 0.08774153846153848 0.5384622451923077 0.016827076923076945 0.04807713221153853
0 0.15745230769230767 0.33413499999999996 0.06971076923076927 0.048077132211538476
0 0.025240615384615382 0.5661061995192307 0.050481230769230764 0.06490378846153833
0 0.7427889230769229 0.6033660336538462 0.07211569230769221 0.04326919230769233
0 0.622596923076923 0.33894293990384616 0.052883692307692076 0.05769301201923088
0 0.9651446153846155 0.5120197091346154 0.060095999999999816 0.05288507211538479
0 0.31490461538461534 0.10096238221153853 0.07211569230769238 0.0432691923076924
0 0.19110646153846156 0.01442334194711533 0.0649033846153847 0.02884668389423066
