1 0.4182695384615384 0.12740474038461536 0.03365415384615389 0.08653838461538463
1 0.3533661538461538 0.2091351850961538 0.1442313846153846 0.08653838461538463
1 0.1875003076923077 0.19230852884615385 0.033654153846153806 0.0432691923076923
1 0.7740381538461538 0.27524039182692306 0.17307569230769237 0.1370183533653846
1 0.960336 0.17427818750000001 0.07932800000000007 0.06490378846153844
1 0.37139446153846156 0.37139465625 0.026441846153846094 0.031250475961538515
1 0.0973563076923077 0.49519287500000003 0.06971076923076922 0.04807713221153842
1 0.010818461538461537 0.26923103365384615 0.012019692307692308 0.038461252403846125
1 0.8028849230769232 0.5985579158653845 0.03365415384615389 0.04326919230769222
1 0.9038473846153846 0.6730775841346154 0.03365415384615389 0.03365331250000003
1 0.7427889230769231 0.5925485576923077 0.014422153846153751 0.012018716346153924
1 0.8281255384615385 0.2740389735576923 0.031249230769230696 0.038461252403846125
1 0.08894276923076923 0.8942314855769231 0.03365415384615386 0.038461252403846014
0 0.4350966153846154 0.5925485576923077 0.08653784615384624 0.09855710096153847
0 0.712740923076923 0.608173795673077 0.045673846153846065 0.03365331250000003
0 0.229568 0.29567356971153846 0.11297969230769231 0.09134632451923075
0 0.9555292307692307 0.08533696634615384 0.08894153846153852 0.10336504086538462
0 0.41706830769230774 0.04206777403846154 0.026441846153846094 0.06971172836538461
0 0.033654153846153854 0.5060101730769231 0.06250092307692309 0.09374916105769227
0 0.3966350769230769 0.995192875 0.12499938461538462 0.009614250000000046
0 0.9903852307692307 0.9110581418269231 0.01922953846153852 0.04326919230769222
1 0.532452923076923 0.6887028221153846 0.07932800000000001 0.04086635576923092
0 0.43028923076923076 0.21514454326923074 0.02403938461538463 0.10336504086538462
