1 0.12379815384615393 0.06730825480769226 0.016827076923077083 0.06250095192307698
1 0.5841353846153845 0.18028917548076923 0.024039384615384463 0.07692250480769211
1 0.8882215384615386 0.11658680528846148 0.012019692307692176 0.012018716346153924
1 0.7728369230769232 0.3269234086538463 0.05048123076923061 0.052885072115384846
1 0.8617796923076924 0.3918271971153847 0.02644184615384626 0.033653312499999755
1 0.9218756923076922 0.4230776730769231 0.02644184615384626 0.03846125240384607
1 0.37139446153846145 0.49399081971153846 0.05528861538461555 0.05528790865384586
1 0.34615384615384615 0.3689911826923077 0.038461538461538436 0.055287908653846196
1 0.23437538461538474 0.5625011298076923 0.05048123076923067 0.0336533124999997
1 0.06730830769230778 0.49399081971153846 0.028846769230769315 0.016826656249999905
1 0.4134621538461539 0.7307699591346155 0.05769353846153863 0.0336533124999997
0 0.16947200000000007 0.6177890384615385 0.08413538461538486 0.09134632451923086
0 0.4519236923076924 0.9807693034855768 0.043268923076923316 0.038461393028846436
0 0.39543384615384625 0.9447120210336539 0.09375015384615404 0.11057595793269215
0 0.38822153846153856 0.7860578677884615 0.02163446153846138 0.09134632451923086
0 0.33173169230769245 0.7319713774038463 0.08653784615384608 0.0264425360576922
0 0.3485587692307692 0.7800485096153844 0.03846153846153849 0.06971172836538464
0 0.10096246153846167 0.12620268509615384 0.0480763076923076 0.06971172836538467
0 0.1141833846153845 0.1430293413461538 0.040866461538461546 0.10817298076923074
0 0.12259692307692305 0.48798146153846145 0.08653784615384608 0.038461252403846125
0 0.3064910769230768 0.032452142427884606 0.04086646153846152 0.06490428485576921
0 0.4435101538461539 0.01923087439903847 0.08413538461538489 0.03846174879807694
0 0.7764430769230769 0.3425486466346153 0.06730830769230778 0.06009584855769223
0 0.9002412307692308 0.22956772596153835 0.04086646153846152 0.031250475961538626
0 0.8665870769230769 0.12139474519230775 0.031249230769230474 0.03125047596153835
0 0.5673083076923078 0.2728369182692306 0.03365415384615367 0.11778886057692317
0 0.33173169230769245 0.42788561298076944 0.043268923076923316 0.07211456490384632
1 0.6562510769230769 0.25601026201923077 0.03846153846153855 0.026442536057692534
1 0.6358178461538462 0.25120232211538457 0.012019692307692287 0.03605841586538441
