1 0.6778855384615385 0.06971172836538461 0.024039384615384463 0.04326919230769231
1 0.2379815384615384 0.44591432451923074 0.028846769230769315 0.06490378846153849
1 0.013221538461538448 0.61899109375 0.026443076923076896 0.06490378846153855
1 0.9086547692307694 0.6310098100961538 0.043268923076923316 0.02163459615384622
1 0.7764430769230769 0.40985590865384613 0.02884676923076923 0.016826656250000016
1 0.7764430769230768 0.4314905048076923 0.024039384615384463 0.02163459615384611
1 0.7331741538461538 0.877404829326923 0.019229538461538298 0.06250095192307692
1 0.7680295384615383 0.889423545673077 0.04086646153846152 0.02884537259615383
1 0.2764430769230769 0.9591352740384615 0.038461538461538436 0.03365331249999992
0 0.07211569230769235 0.16586599278846154 0.043268923076923316 0.07211456490384616
0 0.6478375384615385 0.44110638461538454 0.05048123076923072 0.06971172836538458
0 0.3064910769230768 0.9867789801682693 0.04086646153846152 0.02644203966346148
0 0.4435101538461539 0.9723562938701923 0.08413538461538489 0.05528741225961542
1 0.45552984615384606 0.9759619302884617 0.012019692307692231 0.009615879807692296
0 0.6310104615384616 0.16586599278846154 0.036056615384615354 0.10096220432692306
0 0.8413464615384616 0.015625237980769233 0.08653784615384608 0.026442536057692312
