1 0.6237981538461539 0.06730825480769226 0.016827076923077056 0.06250095192307698
1 0.06250092307692307 0.7956737475961537 0.0817304615384615 0.04326919230769233
1 0.39543384615384625 0.8185097620192308 0.02163446153846138 0.021634596153845886
1 0.3665870769230769 0.7692312115384614 0.03124923076923053 0.014423819711538166
1 0.8713944615384615 0.49399081971153846 0.0552886153846156 0.05528790865384586
1 0.8461538461538461 0.3689911826923077 0.03846153846153855 0.055287908653846196
1 0.7343753846153847 0.5625011298076923 0.05048123076923072 0.0336533124999997
1 0.5673083076923078 0.49399081971153846 0.02884676923076923 0.016826656249999905
1 0.9134621538461539 0.7307699591346155 0.057693538461538685 0.0336533124999997
1 0.2632221538461538 0.13701998317307695 0.016827076923077056 0.04326919230769241
0 0.028846153846153848 0.2451929639423077 0.057692307692307696 0.03846125240384607
0 0.12259692307692305 0.8389429399038462 0.05288369230769219 0.05769301201923094
0 0.4651446153846155 0.9927885865384615 0.06009599999999987 0.014422826923077059
0 0.6694720000000001 0.6177890384615385 0.08413538461538483 0.09134632451923086
0 0.9519236923076924 0.9807693034855768 0.043268923076923316 0.038461393028846436
0 0.8954338461538462 0.9447120210336539 0.09375015384615404 0.11057595793269215
0 0.8882215384615386 0.7860578677884615 0.02163446153846138 0.09134632451923086
0 0.8317316923076925 0.7319713774038463 0.08653784615384608 0.0264425360576922
0 0.8485587692307692 0.7800485096153844 0.038461538461538436 0.06971172836538464
0 0.6009624615384617 0.12620268509615384 0.04807630769230764 0.06971172836538467
0 0.6141833846153846 0.1430293413461538 0.04086646153846163 0.10817298076923074
0 0.622596923076923 0.48798146153846145 0.08653784615384597 0.038461252403846125
0 0.8064910769230769 0.032452142427884606 0.04086646153846163 0.06490428485576921
0 0.9435101538461539 0.01923087439903847 0.08413538461538483 0.03846174879807694
0 0.8317316923076925 0.42788561298076944 0.043268923076923316 0.07211456490384632
1 0.21514338461538463 0.27523975480769225 0.05528861538461541 0.02163459615384622
