1 0.2944713846153846 0.03846206730769231 0.09375015384615401 0.06250095192307692
1 0.5120196923076923 0.11899109375000003 0.028846769230769342 0.06490378846153855
1 0.7764430769230769 0.45913527403846155 0.03846153846153855 0.03365331249999998
1 0.6237981538461539 0.5673082548076922 0.016827076923077056 0.06250095192307692
1 0.8713944615384615 0.9831734326923077 0.0552886153846156 0.03365313461538455
1 0.8461538461538461 0.8689911826923078 0.03846153846153855 0.05528790865384614
1 0.5673083076923078 0.9927887457932693 0.02884676923076923 0.014422508413461488
1 0.2632221538461538 0.637019983173077 0.016827076923077056 0.04326919230769244
1 0.06250092307692307 0.40024084375 0.01922953846153856 0.012018716346153924
0 0.23798153846153844 0.1141831538461539 0.03846153846153849 0.10336504086538466
0 0.028846153846153848 0.7451929639423076 0.057692307692307696 0.038461252403846014
0 0.04206769230769229 0.41105814182692313 0.08413538461538458 0.04326919230769227
0 0.09254892307692313 0.40024084375 0.04567384615384612 0.026442536057692423
0 0.6009624615384617 0.6262026850961538 0.04807630769230764 0.06971172836538475
0 0.6141833846153846 0.6430293413461539 0.04086646153846163 0.10817298076923076
0 0.622596923076923 0.9843754176682692 0.08653784615384597 0.031249164663461615
0 0.8064910769230769 0.5192311225961539 0.04086646153846163 0.0913463245192308
0 0.9435101538461539 0.49158716826923077 0.08413538461538483 0.09374916105769238
1 0.9555298461538461 0.47596193028846157 0.012019692307692287 0.009615879807692296
0 0.8317316923076925 0.9278856129807694 0.043268923076923316 0.07211456490384638
1 0.21274092307692316 0.27524120673076924 0.04567384615384626 0.021634596153846053
1 0.21514338461538463 0.7752397548076922 0.05528861538461541 0.02163459615384622
