1 0.18629907692307693 0.4194719663461538 0.02644184615384615 0.026442536057692256
1 0.229568 0.46875051682692315 0.02644184615384615 0.03846125240384607
1 0.025240615384615386 0.32812564182692294 0.045673846153846155 0.03605841586538444
1 0.43028923076923076 0.10697174038461527 0.04326892307692304 0.01682665624999985
1 0.7343753846153847 0.04807731009615369 0.02644184615384615 0.038461252403846055
1 0.9555298461538462 0.012019371995192292 0.016827076923076834 0.024038743990384585
1 0.5877415384615385 0.5384622451923077 0.016827076923076945 0.04807713221153853
1 0.24158769230769228 0.5769234975961537 0.016827076923076917 0.043269192307692106
0 0.06250092307692308 0.31730834375 0.043268923076923094 0.05288507211538451
0 0.1274043076923077 0.3810107139423075 0.10096246153846153 0.06490378846153833
0 0.6574523076923077 0.33413499999999996 0.06971076923076924 0.048077132211538476
0 0.33653907692307694 0.03245207211538465 0.09615261538461539 0.06490378846153834
0 0.229568 0.609375391826923 0.02644184615384615 0.031250475961538626
0 0.5120196923076923 0.5661061995192307 0.07692307692307687 0.06490378846153833
0 0.8149046153846153 0.10096238221153853 0.07211569230769233 0.0432691923076924
0 0.6911064615384617 0.01442334194711533 0.0649033846153847 0.02884668389423066
