1 0.0973563076923077 0.009615720552884621 0.06971076923076922 0.019231441105769242
1 0.8028849230769232 0.09855791586538454 0.03365415384615389 0.04326919230769226
1 0.9038473846153846 0.17307758413461535 0.03365415384615389 0.03365331249999998
1 0.7427889230769231 0.09254855769230771 0.014422153846153751 0.01201871634615391
1 0.9555298461538462 0.9987981039663462 0.016827076923076834 0.002403792067307675
1 0.37139446153846156 0.8581738846153846 0.05528861538461538 0.043269192307692106
1 0.2848566153846154 0.8906257788461538 0.03124923076923075 0.016826656249999905
1 0.08894276923076923 0.394231485576923 0.03365415384615386 0.03846125240384607
1 0.32451938461538465 0.5228376442307692 0.03846153846153849 0.02163459615384611
1 0.4519236923076923 0.5408657187499999 0.014422153846153862 0.038461252403846014
1 0.45192369230769236 0.6093760288461538 0.019229538461538465 0.04086635576923081
1 0.8617796923076924 0.5997601490384614 0.02644184615384626 0.026442536057692423
1 0.7776443076923076 0.6538466394230769 0.021634461538461602 0.04326919230769222
0 0.4350966153846154 0.09254855769230774 0.08653784615384624 0.09855710096153852
0 0.712740923076923 0.10817379567307696 0.045673846153846065 0.033653312500000115
0 0.033654153846153854 0.026442376802884613 0.06250092307692309 0.052884753605769226
0 0.3966350769230769 0.5072124062500001 0.12499938461538462 0.03365331250000009
0 0.7644233846153847 0.5673082548076923 0.07211569230769233 0.057693012019230716
0 0.7896639999999999 0.6057695072115384 0.031249230769230807 0.04326919230769244
1 0.789664 0.5781255528846153 0.012019692307692287 0.02163459615384622
0 0.9963944615384615 0.7451929639423076 0.007211076923076987 0.038461252403846014
0 0.9903852307692307 0.41105814182692313 0.01922953846153852 0.04326919230769227
0 0.8401452307692308 0.5889428509615384 0.021634461538461713 0.04326919230769233
0 0.6911064615384617 0.9951927157451923 0.0649033846153847 0.009614568509615395
1 0.532452923076923 0.18870282211538458 0.07932800000000001 0.040866355769230894
0 0.23798153846153847 0.8750005408653845 0.06250092307692309 0.052885072115384846
