1 0.2343753846153846 0.5480773100961537 0.026441846153846232 0.038461252403846125
1 0.45552984615384606 0.5108174759615385 0.016827076923076778 0.026442536057692312
1 0.5625009230769231 0.7956737475961537 0.08173046153846142 0.04326919230769233
1 0.8954338461538462 0.8185097620192308 0.02163446153846138 0.021634596153845886
1 0.8665870769230769 0.7692312115384614 0.031249230769230474 0.014423819711538166
1 0.7632221538461538 0.13701998317307695 0.016827076923077167 0.04326919230769241
1 0.36177969230769236 0.09976014903846149 0.02644184615384626 0.026442536057692423
1 0.27764430769230763 0.15384663942307686 0.021634461538461602 0.04326919230769227
0 0.26442338461538467 0.06730825480769231 0.07211569230769235 0.05769301201923076
0 0.28966400000000003 0.10576950721153845 0.03124923076923075 0.04326919230769241
1 0.28966400000000003 0.07812555288461535 0.012019692307692231 0.02163459615384619
0 0.5252406153846154 0.2451929639423077 0.0649033846153847 0.03846125240384607
0 0.34014523076923076 0.0889428509615384 0.021634461538461658 0.04326919230769226
0 0.15745230769230767 0.834135 0.06971076923076927 0.04807713221153853
0 0.622596923076923 0.8389429399038462 0.052883692307692076 0.05769301201923094
0 0.9651446153846155 0.9927885865384615 0.060095999999999816 0.014422826923077059
0 0.31490461538461534 0.6009623822115385 0.07211569230769238 0.04326919230769244
0 0.19110646153846156 0.5096160576923077 0.0649033846153847 0.038461252403846014
1 0.7151433846153846 0.27523975480769225 0.05528861538461549 0.02163459615384622
