1 0.18629907692307693 0.9194719663461539 0.02644184615384615 0.0264425360576922
1 0.229568 0.9687505168269231 0.02644184615384615 0.038461252403846125
1 0.025240615384615386 0.8281256418269229 0.045673846153846155 0.0360584158653845
1 0.43028923076923076 0.6069717403846153 0.04326892307692304 0.016826656249999794
1 0.7343753846153847 0.5480773100961537 0.02644184615384615 0.038461252403846125
1 0.9555298461538462 0.5108174759615385 0.016827076923076834 0.026442536057692312
1 0.37139446153846156 0.35817388461538463 0.05528861538461538 0.043269192307692106
1 0.2848566153846154 0.3906257788461538 0.03124923076923075 0.016826656249999905
1 0.32451938461538465 0.02283764423076924 0.03846153846153849 0.021634596153846067
1 0.4519236923076923 0.040865718749999974 0.014422153846153862 0.038461252403846055
1 0.45192369230769236 0.10937602884615384 0.019229538461538465 0.04086635576923078
1 0.8617796923076924 0.09976014903846149 0.02644184615384626 0.026442536057692423
1 0.7776443076923076 0.15384663942307686 0.021634461538461602 0.04326919230769227
0 0.3966350769230769 0.01201953125000006 0.12499938461538462 0.02403906250000012
0 0.7644233846153847 0.06730825480769231 0.07211569230769233 0.05769301201923076
0 0.7896639999999999 0.10576950721153845 0.031249230769230807 0.04326919230769241
1 0.789664 0.07812555288461535 0.012019692307692287 0.02163459615384619
0 0.9963944615384615 0.2451929639423077 0.007211076923076987 0.03846125240384607
0 0.8401452307692308 0.0889428509615384 0.021634461538461713 0.04326919230769226
0 0.06250092307692308 0.8173083437499999 0.043268923076923094 0.05288507211538451
0 0.1274043076923077 0.8810107139423076 0.10096246153846153 0.06490378846153833
0 0.6574523076923077 0.834135 0.06971076923076924 0.04807713221153853
0 0.33653907692307694 0.5324520721153847 0.09615261538461539 0.06490378846153833
0 0.8149046153846153 0.6009623822115385 0.07211569230769233 0.04326919230769244
0 0.6911064615384617 0.5096160576923077 0.0649033846153847 0.038461252403846014
0 0.23798153846153847 0.3750005408653845 0.06250092307692309 0.052885072115384846
