1 0.16706868749999998 0.0769235625 0.15624849519230768 0.153847125
0 0.2620207932692308 0.18509524999999996 0.06250136538461534 0.06250050000000013
0 0.24880048557692308 0.23798224999999995 0.05048111538461533 0.11538324999999991
1 0.3149020240384615 0.23677950000000014 0.00961521634615392 0.012019000000000307
0 0.316107 0.2524025 0.11298248076923073 0.08173174999999999
0 0.2620207932692308 0.3197097500000001 0.03846086538461535 0.04326924999999998
0 0.28365625961538465 0.31851125000000013 0.057691298076923025 0.11778875000000005
1 0.4963959951923077 0.4663475 0.012020249999999955 0.028844749999999975
1 0.32812725 0.49158824999999995 0.06490148076923075 0.2091340000000002
1 0.37620333173076925 0.5709145 0.031250682692307685 0.03605700000000045
1 0.45192500480769227 0.64423125 0.033655716346153774 0.01923124999999959
0 0.3906236971153846 0.6598542500000002 0.12740284615384617 0.14182675000000022
1 0.5889430673076923 0.96995125 0.11057744711538453 0.021632499999999943
1 0.3725982403846154 0.9302902500000001 0.00961521634615392 0.004806750000000193
0 0.45192500480769227 0.9423092500000001 0.16346359615384615 0.05288275000000009
1 0.15985358653846155 0.9651451249999998 0.060096331730769253 0.06970975000000046
