1 0.32812725 0.048077625000000006 0.06490148076923075 0.09615525000000001
1 0.37620333173076925 0.07091449999999996 0.031250682692307685 0.03605700000000038
1 0.45192500480769227 0.14423125000000003 0.033655716346153774 0.019231249999999617
0 0.3906236971153846 0.15985425000000014 0.12740284615384617 0.14182675000000017
1 0.5889430673076923 0.46995125000000004 0.11057744711538453 0.021632499999999888
1 0.3725982403846154 0.43029025000000015 0.00961521634615392 0.004806750000000193
0 0.45192500480769227 0.44230925000000004 0.16346359615384615 0.05288275000000009
1 0.15985358653846155 0.5048097499999998 0.060096331730769253 0.14903900000000053
0 0.08774192307692308 0.65144325 0.10336726442307692 0.14423225000000006
1 0.04928105769230768 0.8557705000000003 0.06009633173076921 0.019231249999999367
0 0.1478382548076923 0.8137039999999998 0.09855719711538463 0.08413299999999968
1 0.1670686875 0.8197135 0.01202025000000001 0.004806750000000193
0 0.05528626442307692 0.7848549999999999 0.09615216346153847 0.13221325000000006
