1 0.6430292740384616 0.11057624999999996 0.06971154807692304 0.07692499999999998
0 0.7115407644230769 0.20552974999999996 0.0817317980769231 0.12259549999999986
1 0.812498076923077 0.45913574999999995 0.08173179807692321 0.14423224999999995
1 0.8197131778846154 0.5588960000000001 0.02404050000000002 0.036056999999999895
1 0.8233182692307692 0.6754819999999999 0.021635466346153764 0.014424500000000173
0 0.9927896742788462 0.08774006249999992 0.014420651442307642 0.17548012499999985
0 0.9663478293269231 0.25000174999999997 0.06730434134615382 0.0480759999999999
0 0.7175459711538461 0.33533749999999996 0.12740284615384612 0.1081709999999999
0 0.8137030528846154 0.5925475000000001 0.1754789278846154 0.21394075000000012
0 0.8413437259615384 0.7007227500000002 0.05288614903846145 0.14182675000000033
0 0.991587157451923 0.8425495000000001 0.01682568509615401 0.16105800000000003
0 0.060096331730769226 0.8485590000000001 0.11538259615384615 0.11057649999999997
1 0.16706868749999998 0.8569711875 0.15624849519230768 0.286057625
