0 0.7752421875 0.42187625 0.11298248076923079 0.13701999999999992
1 0.6430292740384616 0.61057625 0.06971154807692304 0.07692500000000002
0 0.7115407644230769 0.70552975 0.0817317980769231 0.12259549999999986
1 0.5600974182692307 0.47475900000000004 0.03365571634615383 0.026443500000000064
1 0.5276466778846154 0.4771645 0.03605583173076932 0.03125024999999998
1 0.812498076923077 0.9435098125 0.08173179807692321 0.11298037500000002
0 0.9927896742788462 0.5805287499999999 0.014420651442307642 0.1899027499999999
0 0.9663478293269231 0.75000175 0.06730434134615382 0.0480759999999999
0 0.7175459711538461 0.8353375000000001 0.12740284615384612 0.1081709999999999
0 0.8137030528846154 0.9927885625 0.1754789278846154 0.014422874999999946
