1 0.812498076923077 0.015625937499999958 0.08173179807692321 0.031251874999999915
1 0.8197131778846154 0.05889600000000011 0.02404050000000002 0.036056999999999964
1 0.8233182692307692 0.17548199999999997 0.021635466346153764 0.01442450000000009
0 0.8137030528846154 0.09975893750000007 0.1754789278846154 0.19951787500000015
0 0.8413437259615384 0.20072275000000012 0.05288614903846145 0.1418267500000003
0 0.991587157451923 0.3425495000000001 0.01682568509615401 0.16105800000000003
0 0.060096331730769226 0.34855899999999995 0.11538259615384615 0.11057650000000002
1 0.16706868749999998 0.43389475 0.15624849519230768 0.43990475
0 0.2620207932692308 0.6850952499999999 0.06250136538461534 0.06250050000000007
0 0.24880048557692308 0.73798225 0.05048111538461533 0.11538324999999983
1 0.3149020240384615 0.7367795000000001 0.00961521634615392 0.012019000000000335
0 0.316107 0.7524025000000001 0.11298248076923073 0.08173174999999999
0 0.2620207932692308 0.8197097500000001 0.03846086538461535 0.043269249999999926
0 0.28365625961538465 0.8185112500000001 0.057691298076923025 0.11778875000000011
1 0.4963959951923077 0.9663475 0.012020249999999955 0.028844749999999975
1 0.32812725 0.9435106249999999 0.06490148076923075 0.11297875000000013
