0 0.3485593413461541 0.03245168749999998 0.07692173076923087 0.06490337499999996
0 0.018029945913461357 0.7656242500000001 0.036059891826922714 0.1754825000000002
0 0.037260378605769355 0.6478355000000002 0.07452075721153871 0.10336425000000016
0 0.34495425000000013 0.7596147499999999 0.14663327884615396 0.11538324999999994
1 0.43750132211538456 0.9086542499999999 0.05288614903846145 0.18269150000000012
1 0.4651419951923076 0.8930307500000001 0.09375204807692289 0.15625125000000017
1 0.6394208653846155 0.9807693124999999 0.14903831249999988 0.03846137500000013
1 0.9471176250000001 0.9759615000000001 0.02884564903846165 0.048076999999999814
1 0.9735588124999999 0.9567313125 0.05288237500000015 0.08653737500000003
0 0.5036077788461543 0.973558125 0.11298248076923084 0.05288375000000001
0 0.9615397920673074 0.85456825 0.076920415865385 0.12740225000000016
