0 0.17307932692307687 0.13942450000000023 0.10096223076923122 0.11538325000000016
1 0.9375013221153845 0.02043350000000001 0.05288614903846145 0.04086700000000002
1 0.9855772896634616 0.08293349999999988 0.028845420673076827 0.0360570000000001
1 0.9411064134615384 0.12740549999999992 0.02163546634615443 0.11538325000000016
0 0.9735582692307694 0.03605862500000011 0.05288346153846113 0.07211725000000022
0 0.9579329278846154 0.20192500000000008 0.08413414423076937 0.17788375
0 0.9146657980769229 0.27043074999999994 0.06490148076923075 0.16105799999999976
0 0.920671004807692 0.55889525 0.08653694711538462 0.16586475
1 0.08774243749999999 0.6826935000000001 0.14182812980769252 0.0625005000000004
0 0.0781272211538463 0.5973577499999999 0.15624849519230713 0.1081709999999998
0 0.3004821730769234 0.5504802499999999 0.15384837980769162 0.08173175000000021
0 0.34134807211538465 0.3521625 0.10096223076923122 0.14663350000000008
