0 0.018029945913461357 0.2656242500000001 0.036059891826922714 0.1754825000000003
0 0.037260378605769355 0.14783550000000018 0.07452075721153871 0.10336425000000013
0 0.34495425000000013 0.2596147499999998 0.14663327884615396 0.11538324999999988
1 0.43750132211538456 0.42908774999999993 0.05288614903846145 0.2235585000000001
1 0.4651419951923076 0.3930307500000001 0.09375204807692289 0.15625125000000012
1 0.4879824374999999 0.5829334999999998 0.03365571634615355 0.03605700000000012
1 0.44110641346153845 0.6274054999999998 0.02163546634615443 0.11538325000000016
1 0.6394208653846155 0.52764525 0.14903831249999988 0.13221325000000028
1 0.6238004423076926 0.564905 0.18028899519230746 0.08173174999999999
1 0.7379829807692309 0.62980675 0.009615216346153255 0.00961349999999983
1 0.8653858269230765 0.5612967500000001 0.038460865384614906 0.03605700000000012
1 0.8233149519230769 0.6947127499999999 0.026440615384615285 0.038462499999999955
1 0.9471176250000001 0.5024045000000001 0.02884564903846165 0.10096299999999991
1 0.9735588124999999 0.46033799999999997 0.05288237500000015 0.09375075
0 0.5036077788461543 0.5096167500000002 0.11298248076923084 0.12500100000000025
0 0.47596218749999974 0.7019250000000001 0.12019266346153806 0.17788375
0 0.41466579807692294 0.77043075 0.06490148076923069 0.1610579999999998
0 0.7860590625000001 0.5997592499999999 0.14423316346153847 0.05048150000000029
0 0.9615397920673074 0.3545682500000001 0.076920415865385 0.12740225000000016
0 0.9170675721153845 0.794473 0.16586485576923105 0.17067149999999964
0 0.4206710048076921 0.9879814375 0.08653694711538462 0.024037125000000104
