1 0.002405147836538318 0.08293349999999988 0.004810295673076636 0.0360570000000001
1 0.1394208653846155 0.04687593750000009 0.14903831249999983 0.09375187500000018
1 0.12380044230769262 0.06490499999999995 0.18028899519230743 0.08173174999999998
1 0.2379829807692309 0.12980674999999992 0.009615216346153171 0.00961349999999983
1 0.3653858269230766 0.061296750000000066 0.038460865384614906 0.03605700000000011
1 0.32331495192307685 0.19471274999999982 0.026440615384615285 0.03846250000000004
1 0.4471176250000001 0.02644300000000003 0.028845649038461707 0.05288600000000006
1 0.5072139567307689 0.0036066875000000044 0.12019266346153817 0.007213375000000009
0 0.030049509615384825 0.03605862500000011 0.06009901923076965 0.07211725000000022
0 0.01802925961538439 0.20192500000000008 0.03605851923076878 0.17788375
0 0.2860590625000001 0.09975924999999983 0.14423316346153842 0.050481500000000346
0 0.4350973749999999 0.294473 0.20192446153846183 0.17067149999999962
1 0.735579033653846 0.02884800000000012 0.0336557163461535 0.014424499999999958
1 0.7391841249999997 0.07091449999999984 0.012020249999999622 0.007212249999999837
0 0.6971132500000001 0.0661061250000002 0.10576737980769269 0.1322122500000004
1 0.6935081586538463 0.5096164999999999 0.08413683173076913 0.07211400000000023
0 0.6033661201923077 0.46995125000000015 0.12019266346153812 0.11298199999999986
1 0.0540888942307693 0.7127409999999998 0.04086589903846079 0.012019000000000002
0 0.7103384759615382 0.9350967499999998 0.12259769711538393 0.08173175000000021
