1 0.9507188846153843 0.06370274999999996 0.036055831730769095 0.1225955
1 0.7512043749999999 0.2596149999999999 0.012020249999999622 0.019231249999999894
0 0.8461515625 0.18870375000000011 0.22596004326923125 0.12740225000000008
1 0.006009009615384505 0.8930307500000001 0.01201801923076901 0.15625125000000017
1 0.1394208653846155 0.9807693124999999 0.14903831249999983 0.03846137500000013
1 0.4471176250000001 0.9759615000000001 0.028845649038461707 0.048076999999999814
1 0.5072139567307689 0.9567313125 0.12019266346153817 0.08653737500000003
0 0.030049509615384825 0.973558125 0.06009901923076965 0.05288375000000001
0 0.5072139567307689 0.85456825 0.1682687451923079 0.12740225000000016
1 0.6466370528846155 0.4903857500000002 0.043270932692308306 0.03365575000000015
0 0.6850979182692309 0.5372589999999999 0.0625013653846147 0.12259550000000008
1 0.6598573605769231 0.9675459999999999 0.007210182692307332 0.012019000000000224
0 0.7139435673076922 0.9098564999999998 0.10576737980769257 0.16586475000000023
0 0.6971132500000001 0.986779875 0.10576737980769269 0.026440250000000054
