1 0.43750132211538456 0.02043350000000001 0.05288614903846145 0.04086700000000002
1 0.4879824374999999 0.08293349999999988 0.03365571634615355 0.0360570000000001
1 0.44110641346153845 0.12740549999999992 0.02163546634615443 0.11538325000000016
1 0.6394208653846155 0.04687593750000009 0.14903831249999988 0.09375187500000018
1 0.6238004423076926 0.06490499999999995 0.18028899519230746 0.08173174999999998
1 0.7379829807692309 0.12980674999999992 0.009615216346153255 0.00961349999999983
1 0.8653858269230765 0.061296750000000066 0.038460865384614906 0.03605700000000011
1 0.8233149519230769 0.19471274999999982 0.026440615384615285 0.03846250000000004
1 0.9471176250000001 0.02644300000000003 0.02884564903846165 0.05288600000000006
1 0.9735588124999999 0.0036066875000000044 0.05288237500000015 0.007213375000000009
0 0.5036077788461543 0.03605862500000011 0.11298248076923084 0.07211725000000022
0 0.47596218749999974 0.20192500000000008 0.12019266346153806 0.17788375
0 0.41466579807692294 0.27043074999999994 0.06490148076923069 0.16105799999999976
0 0.7860590625000001 0.09975924999999983 0.14423316346153847 0.050481500000000346
0 0.9170675721153845 0.294473 0.16586485576923105 0.17067149999999962
1 0.5540888942307693 0.7127409999999998 0.04086589903846083 0.012019000000000002
0 0.4206710048076921 0.55889525 0.08653694711538462 0.16586475
