0 0.17307932692307687 0.6394245000000003 0.10096223076923122 0.11538325000000016
1 0.47476104326923074 0.2560107500000001 0.03125068269230763 0.03605700000000009
0 0.48437625961538416 0.2656242500000001 0.10336726442307709 0.1754825000000003
0 0.5156269423076926 0.14783550000000018 0.11778762980769225 0.10336425000000013
0 0.8449542500000001 0.2596147499999998 0.14663327884615396 0.11538324999999988
1 0.9375013221153845 0.42908774999999993 0.05288614903846145 0.2235585000000001
1 0.9591329855769231 0.3930307500000001 0.08173402884615377 0.15625125000000012
1 0.9855772896634616 0.5829334999999998 0.028845420673076827 0.03605700000000012
1 0.9411064134615384 0.6274054999999998 0.02163546634615443 0.11538325000000016
0 0.9735582692307694 0.5096167500000002 0.05288346153846113 0.12500100000000025
0 0.9579329278846154 0.7019250000000001 0.08413414423076937 0.17788375
0 0.9146657980769229 0.77043075 0.06490148076923075 0.1610579999999998
0 0.920671004807692 0.9879814375 0.08653694711538462 0.024037125000000104
0 0.34134807211538465 0.8521624999999999 0.10096223076923122 0.14663350000000008
