1 0.04567482211538458 0.07091525000000003 0.02404050000000032 0.021632499999999943
0 0.01923109014423064 0.07692475000000001 0.03846218028846128 0.043269249999999954
0 0.1790877932692306 0.41586650000000003 0.04086589903846133 0.08653850000000002
1 0.45071888461538434 0.56370275 0.036055831730768984 0.12259549999999997
1 0.2512043749999998 0.7596149999999999 0.012020249999999622 0.019231249999999922
0 0.3461515625 0.6887037500000001 0.22596004326923125 0.12740225000000005
1 0.7331750865384616 0.78726125 0.12499781250000008 0.06971275000000021
0 0.8545678076923078 0.8545685000000001 0.1274028461538459 0.0745195000000004
1 0.1466370528846155 0.9867789375 0.043270932692308306 0.026442124999999872
0 0.18509791826923094 0.987980625 0.06250136538461468 0.02403875000000011
