1 0.03365514423076896 0.0036066875000000044 0.06731028846153791 0.007213375000000009
0 0.018029802884615427 0.294473 0.036059605769230854 0.17067149999999962
1 0.23557903365384603 0.02884800000000012 0.0336557163461535 0.014424499999999958
1 0.23918412499999966 0.07091449999999984 0.012020249999999622 0.007212249999999837
0 0.19711325000000018 0.0661061250000002 0.1057673798076926 0.1322122500000004
0 0.8149019663461542 0.04447150000000008 0.1971143942307696 0.08894300000000016
0 0.8882235240384615 0.04326824999999988 0.06009633173076934 0.07211399999999994
0 0.8954337067307694 0.09374974999999995 0.04567104807692268 0.04807599999999987
0 0.8413475000000001 0.16346250000000004 0.08173179807692321 0.09615199999999975
1 0.1935081586538463 0.5096164999999999 0.08413683173076911 0.07211400000000023
0 0.10336612019230773 0.46995125000000015 0.12019266346153809 0.11298199999999986
0 0.2103384759615382 0.9350967499999998 0.12259769711538401 0.08173175000000021
1 0.8858184903846154 0.7139437499999999 0.02644061538461584 0.019231249999999367
1 0.879808365384615 0.7812509999999999 0.02884564903846165 0.0673072500000006
0 0.9014438317307691 0.7259627499999999 0.028845649038461096 0.05288274999999987
