1 0.45071888461538434 0.06370274999999996 0.036055831730768984 0.1225955
1 0.2512043749999998 0.2596149999999999 0.012020249999999622 0.019231249999999894
0 0.3461515625 0.18870375000000011 0.22596004326923125 0.12740225000000008
1 0.7331750865384616 0.28726124999999997 0.12499781250000008 0.06971275000000021
0 0.8545678076923078 0.3545685 0.1274028461538459 0.0745195000000004
1 0.03365514423076896 0.9567313125 0.06731028846153791 0.08653737500000003
0 0.045674164663461386 0.85456825 0.09134832932692277 0.12740225000000016
1 0.1466370528846155 0.4903857500000002 0.043270932692308306 0.03365575000000015
0 0.18509791826923094 0.5372589999999999 0.06250136538461468 0.12259550000000008
1 0.15985736057692315 0.9675459999999999 0.0072101826923072765 0.012019000000000224
0 0.21394356730769215 0.9098564999999998 0.1057673798076926 0.16586475000000023
0 0.19711325000000018 0.986779875 0.1057673798076926 0.026440250000000054
0 0.8149019663461542 0.99519275 0.1971143942307696 0.009614500000000081
