1 0.03365514423076896 0.46033799999999997 0.06731028846153791 0.09375075
0 0.045674164663461386 0.3545682500000001 0.09134832932692277 0.12740225000000016
0 0.018029802884615427 0.794473 0.036059605769230854 0.17067149999999964
1 0.1466370528846155 0.0036068125000000987 0.043270932692308306 0.007213625000000197
0 0.18509791826923094 0.04927837499999996 0.06250136538461468 0.09855674999999992
1 0.23557903365384603 0.5288480000000002 0.0336557163461535 0.014424499999999951
1 0.23918412499999966 0.5709144999999998 0.012020249999999622 0.00721224999999992
1 0.15985736057692315 0.4675459999999999 0.0072101826923072765 0.012019000000000335
0 0.21394356730769215 0.40985649999999996 0.1057673798076926 0.16586475000000028
0 0.19711325000000018 0.5528860000000002 0.1057673798076926 0.15865250000000036
0 0.8149019663461542 0.5396642500000001 0.1971143942307696 0.09855750000000024
0 0.8882235240384615 0.5432682499999999 0.06009633173076934 0.07211400000000001
0 0.8954337067307694 0.59374975 0.04567104807692268 0.0480759999999999
0 0.8413475000000001 0.6634625000000001 0.08173179807692321 0.09615199999999968
1 0.1935081586538463 0.98677975 0.08413683173076911 0.0264405000000002
0 0.10336612019230773 0.9567301250000001 0.12019266346153809 0.0865397499999998
