1 0.006009009615384505 0.3930307500000001 0.01201801923076901 0.15625125000000012
1 0.002405147836538318 0.5829334999999998 0.004810295673076636 0.03605700000000012
1 0.1394208653846155 0.52764525 0.14903831249999983 0.13221325000000028
1 0.12380044230769262 0.564905 0.18028899519230743 0.08173174999999999
1 0.2379829807692309 0.62980675 0.009615216346153171 0.00961349999999983
1 0.3653858269230766 0.5612967500000001 0.038460865384614906 0.03605700000000012
1 0.32331495192307685 0.6947127499999999 0.026440615384615285 0.038462499999999955
1 0.4471176250000001 0.5024045000000001 0.028845649038461707 0.10096299999999991
1 0.5072139567307689 0.46033799999999997 0.12019266346153817 0.09375075
0 0.030049509615384825 0.5096167500000002 0.06009901923076965 0.12500100000000025
0 0.01802925961538439 0.7019250000000001 0.03605851923076878 0.17788375
0 0.2860590625000001 0.5997592499999999 0.14423316346153842 0.05048150000000029
0 0.5072139567307689 0.3545682500000001 0.1682687451923079 0.12740225000000016
0 0.4350973749999999 0.794473 0.20192446153846183 0.17067149999999964
1 0.6466370528846155 0.0036068125000000987 0.043270932692308306 0.007213625000000197
0 0.6850979182692309 0.04927837499999996 0.0625013653846147 0.09855674999999992
1 0.735579033653846 0.5288480000000002 0.0336557163461535 0.014424499999999951
1 0.7391841249999997 0.5709144999999998 0.012020249999999622 0.00721224999999992
1 0.6598573605769231 0.4675459999999999 0.007210182692307332 0.012019000000000335
0 0.7139435673076922 0.40985649999999996 0.10576737980769257 0.16586475000000028
0 0.6971132500000001 0.5528860000000002 0.10576737980769269 0.15865250000000036
1 0.6935081586538463 0.98677975 0.08413683173076913 0.0264405000000002
0 0.6033661201923077 0.9567301250000001 0.12019266346153812 0.0865397499999998
