0 0.27524218749999996 0.42187625 0.11298248076923081 0.13701999999999992
1 0.14302927403846155 0.61057625 0.06971154807692305 0.07692500000000002
0 0.2115407644230769 0.70552975 0.08173179807692307 0.12259549999999986
1 0.652645576923077 0.555288 0.17067377884615387 0.10096299999999991
1 0.5264427884615384 0.6778835000000001 0.02884564903846154 0.014424500000000173
1 0.060097418269230755 0.47475900000000004 0.033655716346153844 0.026443500000000064
1 0.027646677884615393 0.4771645 0.03605583173076922 0.03125024999999998
1 0.5540883798076923 0.7175487500000001 0.012020250000000066 0.012019000000000002
1 0.312498076923077 0.9435098125 0.08173179807692321 0.11298037500000002
0 0.5252427307692308 0.5805287499999999 0.07932676442307685 0.1899027499999999
0 0.5000021730769231 0.75000175 0.1346130288461539 0.0480759999999999
0 0.7343773749999999 0.6682699999999999 0.040865899038461606 0.12500100000000003
0 0.21754597115384605 0.8353375000000001 0.1274028461538461 0.1081709999999999
0 0.3137030528846154 0.9927885625 0.17547892788461542 0.014422874999999946
0 0.9723576682692308 0.032453 0.045671048076922904 0.060094999999999996
1 0.8870207788461539 0.32331875000000004 0.02404050000000002 0.016825749999999973
1 0.9615395348557692 0.6947135 0.07692093028846181 0.19711499999999993
0 0.8677903461538463 0.748799 0.11538259615384638 0.11778875
