1 0.14302927403846155 0.11057624999999996 0.06971154807692305 0.07692499999999998
0 0.2115407644230769 0.20552974999999996 0.08173179807692307 0.12259549999999986
1 0.652645576923077 0.055288000000000004 0.17067377884615387 0.100963
1 0.5264427884615384 0.17788350000000003 0.02884564903846154 0.01442450000000009
1 0.5540883798076923 0.21754875000000007 0.012020250000000066 0.01201900000000003
1 0.312498076923077 0.45913574999999995 0.08173179807692321 0.14423224999999995
1 0.3197131778846155 0.5588960000000001 0.024040500000000076 0.036056999999999895
1 0.32331826923076923 0.6754819999999999 0.02163546634615371 0.014424500000000173
0 0.5252427307692308 0.08774006249999992 0.07932676442307685 0.17548012499999985
0 0.5000021730769231 0.25000174999999997 0.1346130288461539 0.0480759999999999
0 0.7343773749999999 0.16826999999999998 0.040865899038461606 0.12500099999999992
0 0.21754597115384605 0.33533749999999996 0.1274028461538461 0.1081709999999999
0 0.3137030528846154 0.5925475000000001 0.17547892788461542 0.21394075000000012
0 0.34134372596153845 0.7007227500000002 0.05288614903846145 0.14182675000000033
1 0.9615395348557692 0.19471349999999998 0.07692093028846181 0.19711499999999987
0 0.8677903461538463 0.24879900000000005 0.11538259615384638 0.11778874999999997
0 0.7632230240384615 0.5841324999999999 0.09375204807692317 0.09134525000000004
0 0.8677903461538463 0.78726125 0.05288614903846156 0.07932625000000038
0 0.5096173894230769 0.8425495000000001 0.052886149038461616 0.16105800000000003
