1 0.152645576923077 0.555288 0.17067377884615387 0.10096299999999991
1 0.026442788461538407 0.6778835000000001 0.028845649038461582 0.014424500000000173
1 0.05408837980769237 0.7175487500000001 0.012020250000000024 0.012019000000000002
0 0.03245305649038462 0.5805287499999999 0.06490611298076925 0.1899027499999999
0 0.033654343750000044 0.75000175 0.06730868750000009 0.0480759999999999
0 0.2343773749999999 0.6682699999999999 0.040865899038461606 0.12500100000000003
0 0.47235766826923076 0.032453 0.045671048076923015 0.060094999999999996
1 0.38702077884615393 0.32331875000000004 0.024040500000000076 0.016825749999999973
1 0.5012033173076922 0.6947135 0.15624849519230793 0.19711499999999993
0 0.3677903461538463 0.748799 0.11538259615384638 0.11778875
0 0.9338944867788461 0.6682699999999999 0.13221102644230764 0.15384575
