1 0.152645576923077 0.055288000000000004 0.17067377884615387 0.100963
1 0.026442788461538407 0.17788350000000003 0.028845649038461582 0.01442450000000009
1 0.05408837980769237 0.21754875000000007 0.012020250000000024 0.01201900000000003
0 0.03245305649038462 0.08774006249999992 0.06490611298076925 0.17548012499999985
0 0.033654343750000044 0.25000174999999997 0.06730868750000009 0.0480759999999999
0 0.2343773749999999 0.16826999999999998 0.040865899038461606 0.12500099999999992
1 0.5012033173076922 0.19471349999999998 0.15624849519230793 0.19711499999999987
0 0.3677903461538463 0.24879900000000005 0.11538259615384638 0.11778874999999997
0 0.9338944867788461 0.16826999999999998 0.13221102644230764 0.15384574999999992
0 0.26322302403846154 0.5841324999999999 0.09375204807692322 0.09134525000000004
0 0.3677903461538463 0.78726125 0.05288614903846145 0.07932625000000038
0 0.01803023197115383 0.8425495000000001 0.03606046394230766 0.16105800000000003
