1 0.28125046153846156 0.02163357572115374 0.08653784615384619 0.04326715144230748
0 0.4435101538461539 0.02884547475961532 0.23798153846153847 0.05769094951923064
0 0.8016836923076922 0.06250100360576916 0.13701907692307702 0.1250020072115383
0 0.4350966153846154 0.3810116586538462 0.052883692307692354 0.14663343749999969
0 0.7079335384615385 0.4579343269230769 0.1274043076923077 0.1370175721153844
0 0.46153846153846156 0.5793282451923076 0.07692307692307693 0.13942153846153804
0 0.4915889230769231 0.7884605528846154 0.1706732307692308 0.15865326923076906
1 0.5805292307692307 0.6105755528846153 0.02644184615384615 0.038463461538461585
1 0.360576 0.9975965745192308 0.13461661538461545 0.004806850961538434
0 0.338944 0.929086201923077 0.09615261538461534 0.0793266346153848
0 0.28966400000000003 0.9531258653846157 0.06009599999999998 0.08894250000000004
