1 0.44711630769230754 0.031248389423076617 0.024039384615384463 0.048075072115384365
1 0.4326916923076922 0.21394132211538464 0.13461661538461556 0.08653853365384709
0 0.7019249230769233 0.021634110576922987 0.20672984615384626 0.04326822115384597
0 0.40384738461538483 0.02283715745192329 0.12500184615384585 0.04567431490384658
0 0.34615384615384615 0.10577134615384629 0.06249846153846106 0.1201940624999994
1 0.03605907692307671 0.36057901442307655 0.04326892307692276 0.03846346153846103
0 0.004807384615384573 0.37139473557692315 0.009614769230769146 0.08413456730769187
1 0.15023999999999987 0.4495172596153844 0.016827076923076528 0.024039663461538185
0 0.0805292307692309 0.4074499759615384 0.13701907692307733 0.0649028365384619
0 0.03485661538461544 0.4146618749999999 0.06971323076923087 0.055286971153846065
0 0.16586584615384609 0.6153866826923073 0.05769353846153863 0.17788500000000018
0 0.10817230769230744 0.6334143028846155 0.13942153846153796 0.08413456730769242
0 0.8497600000000001 0.35336711538461507 0.10336492307692324 0.11538612980769175
0 0.8605760000000002 0.3701906249999999 0.11538707692307726 0.11057819711538519
1 0.6935113846153845 0.9266811778846153 0.28605538461538504 0.12259802884615345
0 0.926683076923077 0.6430301682692304 0.031251692307692425 0.13701757211538435
0 0.8762018461538463 0.7992794711538462 0.10336492307692313 0.15624930288461547
0 0.8677883076923075 0.8677903846153845 0.0913476923076928 0.11057819711538464
