1 0.44711630769230754 0.5312483894230766 0.024039384615384463 0.04807507211538442
1 0.4326916923076922 0.7139413221153846 0.13461661538461556 0.08653853365384712
0 0.7019249230769233 0.4795652403846151 0.20672984615384626 0.12740596153846168
0 0.40384738461538483 0.5048090144230771 0.12500184615384585 0.08173060096153884
0 0.34615384615384615 0.6057713461538463 0.06249846153846106 0.12019406249999942
0 0.04687630769230767 0.14302697115384624 0.09375261538461534 0.045671105769230835
1 0.03605907692307671 0.8605790144230765 0.04326892307692276 0.03846346153846103
0 0.004807384615384573 0.8713947355769232 0.009614769230769146 0.08413456730769187
1 0.15023999999999987 0.9495172596153845 0.016827076923076528 0.024039663461538185
0 0.0805292307692309 0.9074499759615384 0.13701907692307733 0.06490283653846196
0 0.03485661538461544 0.914661875 0.06971323076923087 0.055286971153846065
0 0.8497600000000001 0.8533671153846152 0.10336492307692324 0.1153861298076918
0 0.8605760000000002 0.8701906249999999 0.11538707692307726 0.11057819711538519
