0 0.9915864615384617 0.06130009615384625 0.0168270769230765 0.11298216346153876
1 0.913462153846154 0.11538295673076959 0.019229538461538298 0.03365552884615397
1 0.8100972307692307 0.15504627403846172 0.06249846153846106 0.0649028365384619
0 0.9134621538461539 0.14783862980769222 0.1442313846153842 0.08894250000000008
0 0.20192492307692333 0.021634110576922987 0.20672984615384626 0.04326822115384597
0 0.3497600000000001 0.35336711538461507 0.10336492307692313 0.11538612980769175
0 0.3605760000000001 0.3701906249999999 0.11538707692307731 0.11057819711538519
1 0.1935113846153845 0.9266811778846153 0.28605538461538493 0.12259802884615345
0 0.42668307692307705 0.6430301682692304 0.031251692307692425 0.13701757211538435
0 0.37620184615384633 0.7992794711538462 0.10336492307692313 0.15624930288461547
0 0.3677883076923075 0.8677903846153845 0.0913476923076928 0.11057819711538464
