0 0.2079335384615385 0.013221556490384555 0.1274043076923076 0.02644311298076911
0 0.972356923076923 0.5685077403846153 0.055286153846153985 0.06490283653846196
1 0.5504812307692308 0.5492802644230772 0.10096246153846167 0.09855836538461482
0 0.707931076923077 0.5312483894230768 0.07932553846153856 0.15384533653846083
0 0.7151433846153845 0.6358187980769234 0.06009599999999993 0.050479038461539005
0 0.6274043076923077 0.6105750240384614 0.06730830769230778 0.04807507211538442
0 0.6454326153846155 0.6790859375000001 0.06009600000000004 0.07451870192307664
0 0.6490363076923076 0.6862978365384619 0.18750030769230763 0.040867427884615726
0 0.03846276923076923 0.2884605528846154 0.07692553846153846 0.15865326923076906
1 0.08052923076923076 0.11057555288461529 0.026441846153846094 0.0384634615384616
