0 0.29687630769230766 0.001202788461538463 0.1706732307692309 0.002405576923076926
1 0.9471163076923075 0.5312483894230766 0.024039384615384463 0.04807507211538442
1 0.9326916923076922 0.7139413221153846 0.13461661538461556 0.08653853365384712
0 0.9038473846153847 0.5048090144230771 0.1250018461538459 0.08173060096153884
0 0.8461538461538463 0.6057713461538463 0.06249846153846106 0.12019406249999942
0 0.5360590769230766 0.14302697115384624 0.11538707692307726 0.045671105769230835
1 0.5360590769230767 0.8605790144230765 0.04326892307692276 0.03846346153846103
0 0.41826953846153847 0.8713947355769232 0.18269046153846125 0.08413456730769187
1 0.6502399999999999 0.9495172596153845 0.01682707692307661 0.024039663461538185
0 0.5805292307692309 0.9074499759615384 0.13701907692307724 0.06490283653846196
0 0.4747618461538461 0.914661875 0.18990276923076949 0.055286971153846065
0 0.36538584615384606 0.9603369591346154 0.11057723076923054 0.07932608173076916
