1 0.9471163076923075 0.031248389423076617 0.024039384615384463 0.048075072115384365
1 0.9326916923076922 0.21394132211538464 0.13461661538461556 0.08653853365384709
0 0.9038473846153847 0.02283715745192329 0.1250018461538459 0.04567431490384658
0 0.8461538461538463 0.10577134615384629 0.06249846153846106 0.1201940624999994
1 0.5360590769230767 0.36057901442307655 0.04326892307692276 0.03846346153846103
0 0.41826953846153847 0.37139473557692315 0.18269046153846125 0.08413456730769187
1 0.6502399999999999 0.4495172596153844 0.01682707692307661 0.024039663461538185
0 0.5805292307692309 0.4074499759615384 0.13701907692307724 0.0649028365384619
0 0.4747618461538461 0.4146618749999999 0.18990276923076949 0.055286971153846065
0 0.36538584615384606 0.4627412019230768 0.11057723076923054 0.08413456730769187
0 0.665865846153846 0.6153866826923073 0.057693538461538574 0.17788500000000018
0 0.6081723076923075 0.6334143028846155 0.13942153846153804 0.08413456730769242
