1 0.31610584615384596 0.04086649999999992 0.13701907692307733 0.08173174999999971
1 0.3052898461538459 0.05889500000000024 0.16346092307692356 0.09855750000000048
0 0.5024049230769231 0.05889499999999997 0.22115446153846108 0.06971274999999967
0 0.19591384615384627 0.022838000000000136 0.06009600000000037 0.007212250000000392
0 0.19591384615384627 0.01562575000000002 0.06009600000000037 0.01682575000000023
0 0.19591384615384627 0.006009812500000049 0.06009600000000037 0.012019625000000098
1 0.5793280000000001 0.15024025000000032 0.12019199999999974 0.2668277500000001
1 0.33774276923076924 0.9543274375 0.08413538461538483 0.09134512499999992
1 0.590144 0.6826929999999996 0.1466338461538459 0.0673072500000006
0 0.6322116923076924 0.6394237499999997 0.024039384615384463 0.019231249999999256
0 0.3786043076923076 0.8461522500000003 0.06009600000000037 0.024038000000000115
0 0.41826953846153825 0.8088924999999998 0.014424615384615869 0.012019000000000113
