0 0.028846769230769318 0.11418350000000016 0.057693538461538636 0.03125024999999938
1 0.057692307692307696 0.1406269999999999 0.11538461538461539 0.07932624999999952
0 0.7463950769230769 0.04326968749999994 0.007212307692307962 0.08653937499999988
0 0.8834141538461537 0.07572100000000012 0.007212307692307851 0.007212249999999851
1 0.8233181538461539 0.09735774999999991 0.16105846153846182 0.05048150000000033
1 0.816105846153846 0.5408664999999999 0.13701907692307724 0.08173174999999966
1 0.8052898461538459 0.5588950000000003 0.1634609230769235 0.09855750000000052
0 0.9459138461538463 0.5588949999999999 0.10817230769230746 0.06971274999999977
0 0.6959138461538463 0.5228380000000001 0.06009600000000048 0.007212250000000475
0 0.6959138461538463 0.51562575 0.06009600000000048 0.016825750000000195
0 0.6959138461538463 0.47836599999999985 0.06009600000000048 0.06730725000000054
0 0.10456861538461537 0.9795684999999997 0.03605661538461592 0.012019000000000668
0 0.08173046153846178 0.9663467499999998 0.00961476923076969 0.019231249999999256
0 0.09495384615384622 0.8004820000000001 0.10817476923076932 0.04807600000000012
1 0.025240615384615347 0.7512032500000002 0.050481230769230695 0.11778874999999989
1 0.012019692307692235 0.8954312499999999 0.02403938461538447 0.13702000000000025
1 0.08654030769230796 0.9819716875 0.1298067692307694 0.03605662499999995
