0 0.45913599999999977 0.2199532500000002 0.10096246153846139 0.13221325000000062
1 0.39182769230769254 0.3557705000000001 0.05769353846153863 0.14423225000000067
0 0.4074535384615382 0.39783699999999994 0.007212307692307962 0.007212250000000364
0 0.5637021538461537 0.7584155 0.02644184615384615 0.012019000000000002
0 0.5781267692307692 0.7247597499999999 0.05048123076923072 0.07451949999999985
0 0.5204332307692305 0.7391842499999999 0.06009600000000043 0.0456747500000001
0 0.49158892307692303 0.8750015 0.0168270769230765 0.01442449999999973
0 0.6550498461538461 0.6406267500000002 0.0168270769230765 0.012019000000000002
1 0.6742793846153844 0.6454335000000002 0.06009600000000037 0.14663350000000064
1 0.6057698461538463 0.7259625000000001 0.05288369230769241 0.18269049999999964
1 0.5288467692307693 0.8257227500000001 0.07692307692307693 0.11778874999999989
