1 0.816105846153846 0.04086649999999992 0.13701907692307724 0.08173174999999971
1 0.8052898461538459 0.05889500000000024 0.1634609230769235 0.09855750000000048
0 0.9459138461538463 0.05889499999999997 0.10817230769230746 0.06971274999999967
0 0.6959138461538463 0.022838000000000136 0.06009600000000048 0.007212250000000392
0 0.6959138461538463 0.01562575000000002 0.06009600000000048 0.01682575000000023
0 0.6959138461538463 0.006009812500000049 0.06009600000000048 0.012019625000000098
0 0.10456861538461537 0.47956849999999973 0.03605661538461592 0.012019000000000557
0 0.08173046153846178 0.46634674999999987 0.00961476923076969 0.019231249999999367
0 0.09495384615384622 0.30048200000000014 0.10817476923076932 0.048076000000000174
0 0.18269292307692317 0.5240405 0.06730830769230722 0.019231249999999367
1 0.025240615384615347 0.2512032500000002 0.050481230769230695 0.1177887499999998
1 0.012019692307692235 0.3954312499999998 0.02403938461538447 0.1370200000000002
1 0.08654030769230796 0.5048092499999999 0.1298067692307694 0.08173174999999966
1 0.8377427692307693 0.9543274375 0.08413538461538483 0.09134512499999992
0 0.8786043076923076 0.8461522500000003 0.06009600000000037 0.024038000000000115
0 0.9182695384615382 0.8088924999999998 0.014424615384615924 0.012019000000000113
