0 0.24639507692307697 0.04326968749999994 0.007212307692307907 0.08653937499999988
0 0.38341415384615374 0.07572100000000012 0.007212307692307962 0.007212249999999851
1 0.3233181538461539 0.09735774999999991 0.16105846153846176 0.05048150000000033
1 0.31610584615384596 0.5408664999999999 0.13701907692307733 0.08173174999999966
1 0.3052898461538459 0.5588950000000003 0.16346092307692356 0.09855750000000052
0 0.5024049230769231 0.5588949999999999 0.22115446153846108 0.06971274999999977
0 0.19591384615384627 0.5228380000000001 0.06009600000000037 0.007212250000000475
0 0.19591384615384627 0.51562575 0.06009600000000037 0.016825750000000195
0 0.19591384615384627 0.47836599999999985 0.06009600000000037 0.06730725000000054
1 0.5793280000000001 0.6502402500000004 0.12019199999999974 0.26682775000000014
