0 0.9663483076923076 0.15264600000000017 0.024039384615384463 0.01201900000000003
0 0.8233181538461538 0.3810112499999997 0.22355692307692288 0.16586474999999945
1 0.9891827692307691 0.1406269999999999 0.021634461538461935 0.07932624999999952
1 0.9350966153846154 0.22596274999999993 0.043268923076923316 0.14903900000000025
0 0.8894252307692307 0.7644250000000001 0.09134769230769224 0.12500099999999958
0 0.8653858461538461 0.7944725000000001 0.03365415384615367 0.1610579999999997
0 0.9230793846153846 0.91226125 0.09134769230769224 0.016825750000000306
1 0.9951926153846151 0.7512032500000002 0.009614769230769649 0.11778874999999989
1 0.9783655384615385 0.8377417500000002 0.04326892307692298 0.11778874999999978
1 0.9639433846153846 0.8954312499999999 0.07211323076923071 0.13702000000000025
