0 0.46634830769230773 0.15264600000000017 0.024039384615384463 0.01201900000000003
0 0.5288467692307693 0.11418350000000016 0.057693538461538685 0.03125024999999938
0 0.3233181538461539 0.3810112499999997 0.22355692307692282 0.16586474999999945
1 0.5468750769230768 0.1406269999999999 0.13701907692307735 0.07932624999999952
1 0.4350966153846153 0.22596274999999993 0.043268923076923316 0.14903900000000025
0 0.3894252307692308 0.7644250000000001 0.09134769230769224 0.12500099999999958
0 0.36538584615384606 0.7944725000000001 0.03365415384615361 0.1610579999999997
0 0.4230793846153847 0.91226125 0.09134769230769224 0.016825750000000306
0 0.6045686153846153 0.9795684999999997 0.03605661538461591 0.012019000000000668
0 0.5817304615384618 0.9663467499999998 0.00961476923076976 0.019231249999999256
0 0.5949538461538462 0.8004820000000001 0.10817476923076941 0.04807600000000012
1 0.5204332307692305 0.7512032500000002 0.06009600000000043 0.11778874999999989
1 0.4783655384615385 0.8377417500000002 0.04326892307692304 0.11778874999999978
1 0.4759630769230768 0.8954312499999999 0.09615261538461523 0.13702000000000025
1 0.5865403076923079 0.9819716875 0.1298067692307694 0.03605662499999995
