0 0.3894252307692308 0.264425 0.09134769230769224 0.12500099999999964
0 0.36538584615384606 0.29447250000000014 0.03365415384615361 0.16105799999999978
0 0.4230793846153847 0.41226124999999997 0.09134769230769224 0.016825750000000195
0 0.6045686153846153 0.47956849999999973 0.03605661538461591 0.012019000000000557
0 0.5817304615384618 0.46634674999999987 0.00961476923076976 0.019231249999999367
0 0.5949538461538462 0.30048200000000014 0.10817476923076941 0.048076000000000174
0 0.6826929230769232 0.5240405 0.06730830769230722 0.019231249999999367
1 0.5204332307692305 0.2512032500000002 0.06009600000000043 0.1177887499999998
1 0.4783655384615385 0.33774175000000006 0.04326892307692304 0.11778874999999983
1 0.4759630769230768 0.3954312499999998 0.09615261538461523 0.1370200000000002
1 0.5865403076923079 0.5048092499999999 0.1298067692307694 0.08173174999999966
