1 0.10697353846153845 0.6322133653846154 0.09855999999999998 0.05288300480769248
1 0.8786067692307691 0.4975955048076923 0.0937501538461537 0.10577026442307691
1 0.09014646153846154 0.9843736899038461 0.05528615384615386 0.03125262019230779
0 0.034855384615384614 0.5348548557692308 0.06490584615384615 0.1418255048076923
0 0.2656246153846154 0.4411044230769231 0.060095999999999955 0.23317197115384608
0 0.18509784615384617 0.6442289423076923 0.12500184615384616 0.17788500000000018
0 0.15384615384615385 0.8942286778846154 0.10096246153846153 0.1442294711538461
0 0.10216369230769232 0.9170684855769231 0.10336492307692309 0.10336629807692299
0 0.17067323076923074 0.9831727704326924 0.0673083076923077 0.03365445913461529
0 0.8341366153846154 0.42187694711538465 0.14423138461538465 0.05047903846153856
