0 0.239183 0.334135 0.132212 0.067308
0 0.294471 0.271635 0.069712 0.163462
0 0.298077 0.430288 0.086538 0.153846
0 0.498798 0.483173 0.069712 0.149038
0 0.537260 0.473558 0.175481 0.168269
0 0.862981 0.498798 0.125000 0.165865
0 0.498798 0.021635 0.180288 0.038462
1 0.328125 0.394231 0.098558 0.043269
1 0.251202 0.280048 0.040865 0.055288
1 0.664663 0.383413 0.079327 0.036058
1 0.552885 0.417067 0.024038 0.016827
1 0.395433 0.008413 0.036058 0.007212
1 0.893029 0.235577 0.055288 0.038462
1 0.320913 0.308894 0.031250 0.016827
1 0.622596 0.032452 0.048077 0.045673
