0 0.538462 0.221154 0.072115 0.201923
0 0.524038 0.122596 0.144231 0.134615
0 0.554087 0.473558 0.170673 0.096154
0 0.706731 0.490385 0.168269 0.105769
0 0.716346 0.537260 0.197115 0.064904
0 0.965144 0.632212 0.069712 0.072115
0 0.590144 0.769231 0.165865 0.201923
0 0.694712 0.784856 0.043269 0.074519
0 0.739183 0.878606 0.098558 0.127404
0 0.120192 0.927885 0.197115 0.115385
0 0.067308 0.677885 0.062500 0.177885
0 0.365385 0.433894 0.100962 0.040865
0 0.287260 0.480769 0.088942 0.100962
0 0.116587 0.381010 0.045673 0.141827
0 0.117788 0.522837 0.048077 0.141827
0 0.162260 0.615385 0.146635 0.115385
0 0.100962 0.596154 0.197115 0.057692
0 0.092548 0.527644 0.146635 0.117788
1 0.335337 0.533654 0.055288 0.086538
1 0.115385 0.701923 0.048077 0.052885
1 0.656250 0.661058 0.072115 0.173077
1 0.639423 0.483173 0.038462 0.038462
1 0.724760 0.790865 0.021635 0.009615
1 0.191106 0.554087 0.108173 0.069712
1 0.272837 0.572115 0.069712 0.028846
1 0.336538 0.617788 0.057692 0.072115
