0 0.552885 0.137019 0.115385 0.149038
0 0.538462 0.448317 0.134615 0.146635
0 0.600962 0.506010 0.120192 0.079327
0 0.770433 0.617788 0.156250 0.052885
0 0.929087 0.945913 0.069712 0.103365
0 0.371394 0.881010 0.103365 0.112981
0 0.337740 0.959135 0.079327 0.076923
0 0.300481 0.762019 0.125000 0.149038
0 0.174279 0.727163 0.122596 0.209135
0 0.082933 0.627404 0.112981 0.216346
1 0.468750 0.038462 0.072115 0.062500
1 0.424279 0.399038 0.098558 0.048077
1 0.457933 0.617788 0.170673 0.163462
1 0.370192 0.780048 0.028846 0.117788
1 0.013221 0.554087 0.021635 0.031250
1 0.623798 0.627404 0.127404 0.038462
1 0.439904 0.820913 0.028846 0.026442
