0 0.052885 0.680288 0.076923 0.115385
0 0.503606 0.867788 0.161058 0.067308
0 0.328125 0.926683 0.103365 0.146635
0 0.200721 0.985577 0.069712 0.028846
0 0.843750 0.900240 0.149038 0.064904
0 0.975962 0.868990 0.043269 0.185096
0 0.680288 0.774038 0.057692 0.125000
0 0.509615 0.724760 0.076923 0.122596
0 0.433894 0.632212 0.117788 0.091346
0 0.753606 0.539663 0.194712 0.055288
0 0.865385 0.443510 0.134615 0.141827
0 0.579327 0.456731 0.216346 0.125000
0 0.443510 0.299279 0.146635 0.064904
0 0.334135 0.306490 0.125000 0.079327
0 0.459135 0.322115 0.144231 0.048077
0 0.241587 0.204327 0.103365 0.052885
0 0.475962 0.099760 0.076923 0.141827
0 0.444712 0.030048 0.052885 0.055288
0 0.150240 0.161058 0.103365 0.120192
0 0.109375 0.128606 0.084135 0.151442
0 0.082933 0.069712 0.161058 0.134615
1 0.188702 0.330529 0.204327 0.050481
1 0.024038 0.104567 0.043269 0.093750
1 0.314904 0.033654 0.038462 0.048077
1 0.513221 0.223558 0.050481 0.091346
1 0.456731 0.359375 0.033654 0.074519
1 0.426683 0.377404 0.074519 0.048077
1 0.335337 0.361779 0.026442 0.040865
1 0.056490 0.588942 0.060096 0.072115
1 0.254808 0.504808 0.245192 0.177885
1 0.703125 0.608173 0.016827 0.091346
1 0.390625 0.872596 0.060096 0.048077
1 0.360577 0.893029 0.014423 0.079327
1 0.748798 0.962740 0.064904 0.064904
1 0.914663 0.945913 0.036058 0.074519
1 0.939904 0.867788 0.043269 0.033654
1 0.143029 0.538462 0.026442 0.028846
1 0.251202 0.250000 0.050481 0.038462
