0 0.180288 0.772837 0.086538 0.156250
0 0.643029 0.304087 0.151442 0.185096
0 0.912260 0.132212 0.122596 0.125000
0 0.842548 0.040865 0.050481 0.076923
0 0.705529 0.109375 0.108173 0.084135
0 0.502404 0.082933 0.139423 0.079327
0 0.354567 0.037260 0.185096 0.050481
0 0.538462 0.064904 0.168269 0.067308
0 0.585337 0.038462 0.103365 0.072115
0 0.656250 0.025240 0.100962 0.045673
1 0.789663 0.292067 0.137019 0.127404
1 0.762019 0.020433 0.091346 0.036058
1 0.674279 0.057692 0.021635 0.024038
1 0.437500 0.069712 0.091346 0.057692
