0 0.072115 0.804087 0.072115 0.141827
0 0.756010 0.871394 0.218750 0.055288
0 0.914663 0.894231 0.060096 0.100962
0 0.865385 0.889423 0.086538 0.105769
0 0.268029 0.584135 0.175481 0.052885
0 0.090144 0.604567 0.132212 0.156250
0 0.245192 0.507212 0.139423 0.125000
0 0.229567 0.394231 0.103365 0.100962
0 0.489183 0.275240 0.112981 0.060096
0 0.614183 0.843750 0.079327 0.134615
0 0.646635 0.843750 0.048077 0.100962
0 0.319712 0.287260 0.076923 0.112981
0 0.286058 0.265625 0.062500 0.117788
0 0.227163 0.112981 0.141827 0.125000
0 0.364183 0.028846 0.055288 0.052885
0 0.962740 0.038462 0.064904 0.072115
1 0.961538 0.286058 0.076923 0.033654
1 0.929087 0.362981 0.021635 0.076923
1 0.034856 0.587740 0.064904 0.040865
1 0.209135 0.538462 0.033654 0.033654
1 0.194712 0.486779 0.033654 0.040865
1 0.338942 0.109375 0.081731 0.117788
1 0.300481 0.187500 0.009615 0.033654
1 0.253606 0.219952 0.064904 0.021635
1 0.823317 0.947115 0.213942 0.100962
1 0.043269 0.817308 0.019231 0.014423
1 0.266827 0.368990 0.048077 0.016827
1 0.243990 0.338942 0.012019 0.024038
1 0.275240 0.270433 0.064904 0.098558
1 0.550481 0.295673 0.024038 0.009615
