0 0.028846 0.704327 0.052885 0.091346
0 0.632212 0.556490 0.158654 0.084135
0 0.772837 0.533654 0.137019 0.158654
0 0.896635 0.516827 0.163462 0.086538
0 0.925481 0.432692 0.115385 0.153846
0 0.865385 0.411058 0.033654 0.120192
0 0.829327 0.350962 0.076923 0.072115
0 0.787260 0.224760 0.069712 0.122596
0 0.552885 0.414663 0.110577 0.108173
0 0.459135 0.427885 0.173077 0.096154
0 0.155048 0.069712 0.137019 0.057692
0 0.691106 0.413462 0.108173 0.072115
0 0.715144 0.521635 0.069712 0.091346
0 0.722356 0.478365 0.050481 0.076923
0 0.780048 0.443510 0.084135 0.132212
0 0.756010 0.394231 0.064904 0.086538
1 0.967548 0.388221 0.064904 0.084135
1 0.894231 0.359375 0.009615 0.016827
1 0.989183 0.537260 0.021635 0.012019
1 0.615385 0.463942 0.158654 0.019231
1 0.817308 0.554087 0.052885 0.031250
1 0.771635 0.463942 0.038462 0.024038
1 0.816106 0.441106 0.016827 0.021635
1 0.805288 0.290865 0.009615 0.014423
