0 0.954327 0.193510 0.091346 0.117788
0 0.588942 0.572115 0.081731 0.125000
0 0.784856 0.649038 0.088942 0.177885
0 0.979567 0.729567 0.040865 0.074519
0 0.608173 0.829327 0.115385 0.153846
0 0.596154 0.879808 0.125000 0.173077
0 0.477163 0.901442 0.141827 0.134615
0 0.502404 0.950721 0.105769 0.084135
0 0.253606 0.971154 0.209135 0.057692
0 0.054087 0.835337 0.103365 0.108173
0 0.022837 0.957933 0.040865 0.079327
0 0.042067 0.064904 0.079327 0.062500
0 0.070913 0.098558 0.137019 0.081731
1 0.562500 0.945913 0.052885 0.050481
0 0.461538 0.984375 0.125000 0.031250
1 0.701923 0.840144 0.096154 0.204327
1 0.665865 0.745192 0.139423 0.048077
1 0.683894 0.707933 0.098558 0.060096
