0 0.116587 0.224760 0.146635 0.050481
0 0.393029 0.115385 0.112981 0.062500
0 0.225962 0.093750 0.139423 0.072115
0 0.460337 0.640625 0.189904 0.084135
0 0.115385 0.705529 0.125000 0.098558
0 0.757212 0.552885 0.168269 0.100962
0 0.968750 0.551683 0.062500 0.175481
0 0.835337 0.961538 0.045673 0.072115
0 0.506010 0.961538 0.074519 0.072115
0 0.584135 0.945913 0.120192 0.103365
1 0.120192 0.179087 0.033654 0.045673
1 0.176683 0.108173 0.319712 0.028846
1 0.330529 0.132212 0.026442 0.014423
1 0.056490 0.551683 0.108173 0.026442
1 0.188702 0.758413 0.016827 0.031250
1 0.893029 0.552885 0.088942 0.086538
1 0.788462 0.901442 0.057692 0.052885
1 0.836538 0.923077 0.024038 0.024038
0 0.554087 0.985577 0.055288 0.028846
1 0.395433 0.631010 0.012019 0.012019
1 0.949519 0.010817 0.038462 0.016827
0 0.980769 0.034856 0.038462 0.040865
