0 0.164663 0.584135 0.117788 0.076923
0 0.051683 0.564904 0.098558 0.096154
0 0.075721 0.188702 0.146635 0.117788
0 0.260817 0.335337 0.185096 0.122596
0 0.287260 0.274038 0.137019 0.067308
0 0.426683 0.271635 0.050481 0.158654
0 0.531250 0.292067 0.187500 0.103365
0 0.465144 0.496394 0.103365 0.180288
0 0.358173 0.552885 0.115385 0.052885
0 0.861779 0.584135 0.122596 0.144231
1 0.656250 0.612981 0.288462 0.067308
1 0.241587 0.950721 0.064904 0.093750
1 0.074519 0.713942 0.067308 0.062500
1 0.382212 0.284856 0.048077 0.040865
1 0.437500 0.376202 0.009615 0.060096
1 0.373798 0.377404 0.060096 0.024038
1 0.366587 0.316106 0.069712 0.055288
1 0.310096 0.319712 0.052885 0.033654
1 0.375000 0.349760 0.052885 0.031250
