0 0.019231 0.069712 0.033654 0.086538
0 0.186298 0.082933 0.165865 0.161058
0 0.319712 0.210337 0.153846 0.084135
0 0.471154 0.147837 0.144231 0.098558
0 0.268029 0.615385 0.093750 0.129808
0 0.591346 0.574519 0.225962 0.105769
0 0.873798 0.522837 0.194712 0.156250
1 0.632212 0.524038 0.019231 0.024038
1 0.929087 0.514423 0.016827 0.024038
1 0.412260 0.123798 0.016827 0.055288
1 0.298077 0.114183 0.177885 0.069712
1 0.382212 0.212740 0.052885 0.026442
1 0.256010 0.209135 0.012019 0.014423
1 0.133413 0.043269 0.021635 0.024038
