0 0.594952 0.881010 0.064904 0.112981
0 0.088942 0.209135 0.134615 0.096154
0 0.289663 0.037260 0.050481 0.069712
0 0.396635 0.070913 0.173077 0.137019
0 0.205529 0.314904 0.122596 0.158654
0 0.271635 0.305288 0.129808 0.105769
0 0.165865 0.461538 0.081731 0.052885
0 0.271635 0.491587 0.168269 0.088942
0 0.501202 0.504808 0.141827 0.072115
0 0.427885 0.491587 0.182692 0.069712
0 0.681490 0.474760 0.151442 0.060096
0 0.799279 0.409856 0.122596 0.088942
0 0.897837 0.335337 0.108173 0.093750
0 0.951923 0.375000 0.072115 0.125000
1 0.423077 0.567308 0.024038 0.062500
1 0.429087 0.680288 0.074519 0.014423
1 0.968750 0.437500 0.009615 0.014423
1 0.868990 0.406250 0.026442 0.038462
1 0.407452 0.082933 0.012019 0.012019
