0 0.239183 0.599760 0.088942 0.112981
0 0.412260 0.724760 0.079327 0.127404
0 0.757212 0.391827 0.072115 0.225962
0 0.747596 0.067308 0.072115 0.096154
0 0.959135 0.149038 0.081731 0.134615
0 0.974760 0.980769 0.050481 0.038462
1 0.395433 0.685096 0.031250 0.009615
1 0.414663 0.661058 0.016827 0.014423
1 0.382212 0.723558 0.014423 0.014423
1 0.395433 0.804087 0.016827 0.026442
1 0.950721 0.977163 0.012019 0.012019
1 0.980769 0.959135 0.014423 0.014423
1 0.745192 0.024038 0.014423 0.004808
1 0.771635 0.061298 0.009615 0.012019
1 0.754808 0.104567 0.014423 0.012019
1 0.739183 0.116587 0.012019 0.012019
1 0.710337 0.085337 0.016827 0.012019
1 0.288462 0.574519 0.009615 0.004808
