0 0.157625 0.099265 0.022972 0.032240
1 0.130743 0.143665 0.014174 0.018100
0 0.144673 0.166007 0.016618 0.028846
1 0.234360 0.130656 0.034702 0.023756
1 0.208700 0.159502 0.005865 0.003394
1 0.113881 0.111708 0.006843 0.006222
1 0.107283 0.112274 0.007331 0.007353
1 0.214321 0.168835 0.002444 0.002828
1 0.165200 0.225679 0.016618 0.033937
1 0.166667 0.249152 0.004888 0.008484
1 0.167400 0.276584 0.004399 0.003394
0 0.208456 0.136595 0.016129 0.044683
0 0.203324 0.176471 0.027370 0.011312
0 0.250978 0.157240 0.008309 0.029412
0 0.145894 0.196550 0.025904 0.025452
0 0.165445 0.257070 0.035679 0.050339
0 0.171065 0.282523 0.010753 0.033371
0 0.299365 0.007636 0.009286 0.014140
1 0.282014 0.076075 0.004888 0.003959
1 0.305230 0.163462 0.031769 0.046380
0 0.278104 0.176188 0.023460 0.027715
0 0.396139 0.157240 0.032747 0.036199
1 0.583089 0.065611 0.001955 0.019231
0 0.548143 0.013857 0.017107 0.026584
0 0.575758 0.043835 0.031281 0.028846
0 0.582111 0.080600 0.021505 0.036765
0 0.590665 0.089649 0.013196 0.006222
1 0.822581 0.134333 0.004888 0.005090
0 0.805230 0.135747 0.031769 0.010181
1 0.836755 0.078903 0.003910 0.006222
0 0.843842 0.080317 0.017107 0.044118
0 0.849707 0.215498 0.008309 0.020362
0 0.950880 0.074661 0.021994 0.019231
1 0.904936 0.250283 0.007331 0.028846
1 0.864370 0.296380 0.002444 0.004525
0 0.883675 0.279695 0.045943 0.029977
1 0.962366 0.302885 0.025415 0.016403
0 0.987048 0.318722 0.025904 0.017534
1 0.675464 0.212670 0.001955 0.005656
0 0.680841 0.232749 0.015640 0.035633
0 0.256843 0.255090 0.019062 0.021493
0 0.278104 0.302885 0.010753 0.018665
0 0.205279 0.315894 0.010753 0.037896
0 0.012219 0.317308 0.023460 0.026018
1 0.033969 0.337387 0.031769 0.103507
0 0.053275 0.396493 0.012708 0.014706
0 0.050587 0.408937 0.010264 0.027149
1 0.064027 0.408654 0.001955 0.002828
0 0.064272 0.412330 0.022972 0.019231
0 0.053275 0.428167 0.007820 0.010181
0 0.057674 0.427885 0.011730 0.027715
1 0.100929 0.462670 0.002444 0.006787
1 0.066716 0.468609 0.013196 0.049208
1 0.076491 0.487274 0.006354 0.008484
1 0.091887 0.504525 0.006843 0.004525
0 0.079423 0.508201 0.025904 0.033371
0 0.543500 0.503394 0.020528 0.027149
1 0.604839 0.413179 0.006354 0.008484
0 0.606794 0.415441 0.021017 0.041290
0 0.613148 0.387726 0.023949 0.024321
0 0.680108 0.414027 0.029814 0.027149
1 0.698925 0.453903 0.010753 0.052602
1 0.704545 0.445419 0.019062 0.036765
1 0.709189 0.490102 0.006843 0.008484
1 0.699658 0.500566 0.004399 0.027149
1 0.739980 0.477093 0.030303 0.031109
1 0.736804 0.485860 0.036657 0.019231
1 0.760020 0.501131 0.001955 0.002262
1 0.785924 0.485011 0.007820 0.008484
1 0.777370 0.516403 0.005376 0.009050
1 0.802542 0.471154 0.005865 0.023756
1 0.814761 0.461256 0.024438 0.022059
0 0.712366 0.472851 0.022972 0.029412
0 0.706745 0.518100 0.024438 0.041855
0 0.694282 0.534219 0.013196 0.037896
0 0.769795 0.494061 0.029326 0.011878
0 0.814761 0.436369 0.034213 0.029977
0 0.800098 0.539876 0.041056 0.040158
1 0.843109 0.350679 0.008798 0.007919
0 0.850929 0.361708 0.012708 0.028846
1 0.861193 0.477376 0.006843 0.003394
1 0.861926 0.487274 0.002444 0.001697
1 0.845797 0.462952 0.001466 0.002828
0 0.856794 0.449378 0.021505 0.039027
0 0.853372 0.483032 0.021505 0.037330
0 0.978983 0.479921 0.040078 0.023190
0 0.993891 0.480769 0.012219 0.016968
0 0.995357 0.492647 0.009286 0.011312
0 0.984360 0.509050 0.016618 0.022624
1 0.852639 0.590498 0.017107 0.016968
0 0.834311 0.581165 0.024438 0.026584
1 0.722630 0.638292 0.008309 0.002828
0 0.695503 0.602093 0.017595 0.039027
1 0.526149 0.631222 0.028837 0.014706
0 0.524194 0.611143 0.031769 0.025452
0 0.569404 0.600113 0.031281 0.019231
0 0.577713 0.553450 0.020528 0.034502
1 0.119746 0.581165 0.022483 0.005090
1 0.075758 0.571833 0.001955 0.001131
0 0.091887 0.574661 0.033236 0.012443
1 0.032502 0.589367 0.012219 0.035068
0 0.017840 0.623869 0.021017 0.033937
1 0.010020 0.671946 0.012219 0.004525
0 0.030059 0.662048 0.020039 0.019796
1 0.033969 0.663462 0.002444 0.001131
0 0.011241 0.655260 0.019550 0.031109
0 0.072581 0.795249 0.016129 0.045249
0 0.080401 0.794683 0.037634 0.013575
1 0.447458 0.743778 0.009286 0.013575
0 0.441105 0.741799 0.022972 0.023190
1 0.475318 0.765837 0.022972 0.037330
0 0.448192 0.753111 0.031281 0.014140
0 0.856061 0.690611 0.024927 0.019231
1 0.993402 0.638575 0.005376 0.004525
1 0.992180 0.654412 0.005865 0.015837
0 0.996579 0.641403 0.005865 0.012443
0 0.609238 0.882070 0.009286 0.039027
1 0.589932 0.904695 0.029326 0.008484
0 0.015152 0.957014 0.013685 0.027149
1 0.365836 0.993213 0.012219 0.011312
0 0.370235 0.969740 0.026882 0.036765
1 0.851417 0.982466 0.014663 0.021493
0 0.839198 0.995758 0.012708 0.008484
