0 0.341309 0.004520 0.007812 0.007910
0 0.350586 0.010452 0.019531 0.019774
0 0.393311 0.006780 0.027832 0.012429
0 0.383545 0.009040 0.034668 0.016949
1 0.388916 0.028531 0.003418 0.001695
1 0.399170 0.040395 0.001465 0.005085
1 0.446289 0.017232 0.034180 0.033333
0 0.418213 0.045480 0.023926 0.027684
0 0.403076 0.033898 0.030762 0.015819
1 0.548828 0.004520 0.020508 0.007910
1 0.857178 0.164407 0.026855 0.020339
0 0.841309 0.170621 0.009766 0.037288
0 0.850098 0.210169 0.021484 0.027119
1 0.992676 0.152542 0.013672 0.006780
0 0.989258 0.165819 0.021484 0.018644
0 0.963867 0.139831 0.045898 0.023164
1 0.940918 0.136723 0.001953 0.002260
0 0.533447 0.423164 0.009277 0.019209
0 0.081299 0.349718 0.019043 0.047458
1 0.057129 0.472881 0.017578 0.014689
0 0.090088 0.470056 0.048340 0.027119
0 0.162842 0.476554 0.027832 0.045763
0 0.088379 0.559605 0.010742 0.034463
0 0.143799 0.577684 0.025879 0.032203
1 0.386475 0.539831 0.004395 0.012994
1 0.403809 0.538136 0.007812 0.009605
0 0.466553 0.567232 0.034668 0.041808
1 0.692871 0.523729 0.006836 0.016949
0 0.700928 0.509605 0.026855 0.010169
1 0.857666 0.485876 0.003418 0.009040
1 0.860840 0.492090 0.006836 0.004520
0 0.842285 0.484181 0.028320 0.023729
0 0.823975 0.489266 0.030762 0.010169
1 0.881592 0.513277 0.005371 0.006215
0 0.894043 0.519492 0.017578 0.011864
0 0.882324 0.536723 0.018555 0.014689
0 0.949707 0.536441 0.019531 0.020904
0 0.832520 0.719492 0.030273 0.031073
0 0.821045 0.719492 0.023926 0.026554
1 0.794922 0.732203 0.003906 0.007910
1 0.773926 0.741525 0.012695 0.015254
1 0.598633 0.712429 0.004883 0.011299
1 0.595703 0.755367 0.027344 0.020339
0 0.794922 0.739831 0.029297 0.020904
0 0.650391 0.700282 0.041992 0.029944
0 0.589844 0.706215 0.025391 0.019209
0 0.578125 0.729944 0.012695 0.028249
0 0.515137 0.621186 0.023438 0.010734
0 0.310059 0.721186 0.033203 0.015254
1 0.213379 0.716667 0.020508 0.023164
0 0.245361 0.712429 0.016113 0.036158
0 0.246826 0.737006 0.012207 0.011864
0 0.229004 0.731073 0.013672 0.011299
0 0.232666 0.747175 0.012207 0.017514
0 0.233398 0.748870 0.038086 0.009605
0 0.093750 0.606215 0.015625 0.032768
0 0.099854 0.655367 0.034668 0.037288
1 0.117920 0.613559 0.005371 0.009040
1 0.073242 0.708475 0.027344 0.009040
0 0.068848 0.688418 0.019531 0.018644
0 0.058838 0.694068 0.012207 0.020904
1 0.515137 0.789831 0.008789 0.009040
0 0.491211 0.792373 0.037109 0.019774
1 0.538330 0.810734 0.003418 0.005650
0 0.524170 0.800847 0.027832 0.015254
0 0.502686 0.802542 0.038574 0.012994
0 0.480469 0.813842 0.022461 0.019774
0 0.541504 0.849718 0.011719 0.041808
0 0.529785 0.853955 0.028320 0.019774
0 0.680420 0.788136 0.020996 0.027119
0 0.682617 0.792090 0.023438 0.025989
1 0.648682 0.922881 0.058105 0.028814
0 0.696045 0.856215 0.006348 0.032203
0 0.685791 0.892938 0.020996 0.036723
0 0.684082 0.909040 0.018555 0.025989
0 0.909180 0.965819 0.024414 0.034463
0 0.928955 0.984746 0.010254 0.030508
0 0.919922 0.990960 0.006836 0.015819
1 0.199707 0.945480 0.003906 0.003955
0 0.215332 0.954520 0.026367 0.017514
0 0.234619 0.980508 0.016113 0.031073
0 0.522949 0.404520 0.014648 0.021469
