1 0.084961 0.014989 0.001953 0.002828
0 0.061768 0.019231 0.014160 0.037330
0 0.081299 0.019231 0.020996 0.032805
0 0.075928 0.017534 0.015137 0.033937
0 0.086670 0.004525 0.014160 0.007919
0 0.221924 0.116516 0.020996 0.012443
0 0.260254 0.128111 0.010742 0.052602
0 0.304932 0.073247 0.024902 0.017534
0 0.010986 0.230204 0.020996 0.012443
1 0.569580 0.233032 0.005371 0.003394
0 0.556885 0.224830 0.023926 0.024321
1 0.550049 0.250283 0.019043 0.034502
1 0.588623 0.260747 0.002441 0.006787
1 0.588135 0.272059 0.003418 0.003394
1 0.642334 0.301188 0.016113 0.025452
0 0.623291 0.279412 0.024902 0.022624
0 0.603516 0.275170 0.030273 0.022059
0 0.601074 0.259333 0.028320 0.014140
0 0.773438 0.077489 0.014648 0.022624
1 0.961426 0.165441 0.010742 0.018665
0 0.953613 0.189762 0.034180 0.037896
0 0.952637 0.282240 0.013672 0.033937
0 0.244629 0.563066 0.011719 0.040158
1 0.160645 0.601244 0.005859 0.004525
0 0.172119 0.610577 0.019043 0.027715
0 0.471436 0.530260 0.010254 0.034502
0 0.467041 0.576075 0.010254 0.036765
0 0.537354 0.652432 0.025879 0.026584
1 0.506836 0.616516 0.080078 0.045249
1 0.940918 0.759898 0.004883 0.001697
0 0.947754 0.740385 0.015625 0.041855
0 0.953369 0.738971 0.013184 0.033371
1 0.952637 0.718609 0.005859 0.002828
0 0.522705 0.757919 0.061035 0.040724
1 0.482910 0.737274 0.018555 0.006222
0 0.163574 0.702206 0.009766 0.037896
0 0.145752 0.689197 0.027832 0.034502
0 0.466309 0.857749 0.036133 0.017534
1 0.959229 0.945419 0.003418 0.005090
0 0.968018 0.945419 0.023926 0.029977
0 0.949463 0.956731 0.022949 0.018665
0 0.725342 0.952771 0.019043 0.032240
1 0.724121 0.964649 0.001953 0.001697
1 0.652588 0.948812 0.003418 0.000566
1 0.654297 0.968326 0.001953 0.002262
0 0.648438 0.954186 0.011719 0.030543
1 0.948975 0.177602 0.002441 0.002262
