1 0.253174 0.018100 0.020996 0.035068
0 0.242920 0.042421 0.005371 0.015837
0 0.235840 0.090498 0.008789 0.009050
0 0.432129 0.151584 0.006836 0.004525
1 0.432373 0.173360 0.014160 0.036765
1 0.494629 0.012161 0.015625 0.023190
0 0.604004 0.104921 0.022461 0.006222
0 0.568848 0.103790 0.001953 0.003959
1 0.573975 0.106618 0.038574 0.014140
0 0.642334 0.060238 0.012207 0.003959
0 0.642090 0.250566 0.004883 0.006787
0 0.813721 0.112274 0.001465 0.001697
0 0.838867 0.099265 0.022461 0.032240
1 0.806641 0.122455 0.041992 0.019796
0 0.961426 0.014140 0.015625 0.007919
0 0.979004 0.006505 0.020508 0.011878
0 0.687256 0.391403 0.007324 0.009050
0 0.687256 0.434672 0.007324 0.027715
1 0.682129 0.466912 0.010742 0.039027
1 0.521973 0.417704 0.057617 0.010747
0 0.473389 0.423643 0.041504 0.009050
0 0.423584 0.421946 0.041504 0.009050
1 0.458252 0.445136 0.027832 0.041855
1 0.409668 0.424774 0.040039 0.023756
1 0.131836 0.509050 0.051758 0.016968
0 0.152588 0.519231 0.001465 0.003394
0 0.500977 0.624152 0.004883 0.002828
0 0.513672 0.615102 0.011719 0.007353
0 0.471924 0.677885 0.045410 0.039027
1 0.517334 0.621324 0.027832 0.018665
1 0.494629 0.641403 0.008789 0.035068
0 0.659424 0.596437 0.001465 0.024321
0 0.687256 0.606052 0.001465 0.001697
1 0.675049 0.611143 0.032715 0.011878
0 0.905762 0.639989 0.020508 0.031109
1 0.892090 0.671946 0.011719 0.033937
0 0.895264 0.681844 0.001465 0.001697
0 0.927002 0.766686 0.005371 0.002828
0 0.929932 0.758767 0.010254 0.017534
0 0.918213 0.762161 0.012207 0.010747
0 0.912354 0.794118 0.003418 0.003394
0 0.945557 0.738971 0.003418 0.002828
1 0.949463 0.740102 0.012207 0.034502
1 0.935547 0.759050 0.010742 0.042986
1 0.919922 0.782523 0.015625 0.027715
1 0.673584 0.715498 0.027832 0.019231
1 0.671387 0.719740 0.033203 0.023190
0 0.711426 0.719740 0.044922 0.016403
0 0.649170 0.711256 0.012207 0.001697
0 0.649170 0.709559 0.012207 0.003959
0 0.649170 0.700792 0.012207 0.015837
1 0.727051 0.741233 0.024414 0.062783
0 0.485352 0.768100 0.018555 0.029412
0 0.480469 0.775170 0.006836 0.037896
0 0.492188 0.802885 0.018555 0.003959
0 0.529053 0.818722 0.007324 0.002828
0 0.524414 0.815611 0.001953 0.004525
0 0.527100 0.776584 0.021973 0.011312
0 0.544922 0.829186 0.013672 0.004525
1 0.511963 0.764989 0.012207 0.027715
1 0.503418 0.785351 0.008789 0.027715
1 0.502930 0.798925 0.019531 0.032240
1 0.525391 0.824661 0.026367 0.019231
1 0.638672 0.973416 0.058594 0.052036
1 0.677979 0.933541 0.017090 0.027715
1 0.729248 0.866516 0.029785 0.015837
0 0.737793 0.856335 0.004883 0.004525
0 0.686279 0.904977 0.012207 0.005656
0 0.694336 0.896210 0.002930 0.002828
