1 0.021729 0.148588 0.020020 0.012429
1 0.178467 0.116949 0.019043 0.024859
1 0.018311 0.242090 0.011230 0.028814
0 0.007080 0.125706 0.013184 0.033333
0 0.053955 0.103672 0.012207 0.054802
0 0.037598 0.151412 0.025391 0.041808
0 0.031250 0.210169 0.020508 0.033898
0 0.020752 0.215537 0.020996 0.024294
0 0.034668 0.243785 0.013672 0.033333
0 0.169434 0.099153 0.029297 0.011864
1 0.394043 0.006215 0.006836 0.011299
1 0.419922 0.017797 0.001953 0.003955
0 0.412354 0.012994 0.028809 0.010169
1 0.628662 0.205932 0.025879 0.023164
0 0.603760 0.231638 0.025879 0.032768
1 0.864502 0.111299 0.005371 0.015819
1 0.962891 0.118362 0.013672 0.011864
0 0.884033 0.120056 0.033691 0.010734
0 0.923340 0.123729 0.029297 0.013559
0 0.956787 0.094068 0.010254 0.035593
0 0.904297 0.401412 0.026367 0.019774
1 0.916504 0.425424 0.006836 0.005650
1 0.916504 0.427684 0.006836 0.010169
1 0.895264 0.416102 0.018066 0.005085
0 0.903809 0.411299 0.022461 0.022599
1 0.548584 0.343503 0.007324 0.019209
0 0.578369 0.315254 0.015137 0.028249
0 0.557373 0.367797 0.015137 0.030508
0 0.441162 0.412147 0.022949 0.018644
1 0.445801 0.422316 0.001953 0.006215
1 0.277832 0.567797 0.034180 0.028249
1 0.356201 0.562429 0.028809 0.015254
1 0.367432 0.582768 0.006348 0.011864
0 0.325928 0.556780 0.032715 0.010734
0 0.313965 0.551412 0.040039 0.013559
0 0.383545 0.564972 0.027832 0.030508
1 0.520508 0.545763 0.008789 0.013559
0 0.520508 0.535876 0.031250 0.018644
0 0.531494 0.565254 0.016113 0.036723
0 0.613037 0.598870 0.034668 0.020339
1 0.640625 0.604520 0.022461 0.020339
1 0.964600 0.676554 0.012207 0.015254
1 0.950684 0.699153 0.014648 0.010734
1 0.951660 0.651977 0.003906 0.001130
0 0.951172 0.659040 0.033203 0.024294
0 0.948975 0.681921 0.025879 0.042938
0 0.746094 0.675989 0.015625 0.025424
1 0.737549 0.661299 0.003418 0.002825
1 0.420166 0.694633 0.010254 0.001695
0 0.423584 0.685876 0.033691 0.023729
0 0.270752 0.822316 0.043457 0.051412
1 0.261719 0.805085 0.003906 0.003390
1 0.275391 0.922316 0.018555 0.010734
1 0.320801 0.892090 0.009766 0.013559
0 0.302979 0.895763 0.037598 0.049153
1 0.989502 0.963277 0.006348 0.004520
1 0.968750 0.988136 0.001953 0.010169
0 0.980957 0.974011 0.026367 0.018079
1 0.731201 0.975706 0.020020 0.005650
0 0.723633 0.962429 0.022461 0.036723
0 0.604248 0.978814 0.022949 0.040113
1 0.594971 0.972599 0.012207 0.024294
1 0.610840 0.957062 0.004883 0.003390
0 0.875488 0.128249 0.014648 0.010169
