1 0.083008 0.087487 0.035156 0.015907
1 0.254883 0.032874 0.027344 0.025451
0 0.237305 0.016437 0.015625 0.009544
1 0.605469 0.108696 0.035156 0.028632
1 0.883301 0.070520 0.020508 0.039236
1 0.860840 0.171792 0.024414 0.021209
1 0.943848 0.299576 0.034180 0.013786
1 0.923340 0.440085 0.034180 0.038176
1 0.831543 0.470838 0.022461 0.042418
1 0.735840 0.425769 0.012695 0.030753
1 0.527344 0.401909 0.025391 0.021209
1 0.427246 0.511665 0.022461 0.018028
1 0.410645 0.463415 0.020508 0.019088
1 0.357422 0.623542 0.027344 0.023330
1 0.354004 0.660657 0.049805 0.031813
1 0.727051 0.753977 0.028320 0.025451
1 0.759766 0.828208 0.011719 0.025451
1 0.462891 0.856310 0.011719 0.022269
1 0.038086 0.861082 0.013672 0.042418
1 0.025879 0.863203 0.022461 0.025451
1 0.517090 0.208378 0.008789 0.054083
1 0.495117 0.174973 0.019531 0.050901
1 0.254395 0.232238 0.030273 0.019088
1 0.241211 0.306469 0.033203 0.021209
1 0.354004 0.330329 0.036133 0.015907
1 0.244629 0.510074 0.010742 0.036055
1 0.156738 0.662248 0.016602 0.039236
1 0.041016 0.128314 0.019531 0.019088
1 0.081055 0.325557 0.033203 0.019088
1 0.111816 0.339343 0.008789 0.023330
0 0.114258 0.321315 0.011719 0.019088
0 0.039062 0.108165 0.007812 0.014846
0 0.253418 0.215801 0.008789 0.026511
0 0.273438 0.214210 0.011719 0.019088
0 0.377930 0.321315 0.017578 0.021209
0 0.164551 0.637858 0.024414 0.028632
0 0.037598 0.887593 0.014648 0.021209
0 0.447754 0.873277 0.038086 0.015907
0 0.704590 0.763521 0.024414 0.014846
0 0.910156 0.091198 0.025391 0.016967
0 0.838867 0.165429 0.021484 0.006363
0 0.949219 0.416755 0.023438 0.010604
1 0.674805 0.815483 0.015625 0.014846
0 0.765137 0.832980 0.010742 0.009544
1 0.869629 0.785260 0.008789 0.013786
1 0.775879 0.344115 0.018555 0.020148
1 0.994629 0.790562 0.008789 0.011665
0 0.987793 0.794274 0.008789 0.008484
0 0.225098 0.125663 0.006836 0.018028
0 0.330078 0.297455 0.019531 0.005302
0 0.346191 0.484624 0.010742 0.006363
0 0.513672 0.205196 0.011719 0.007423
0 0.608887 0.202545 0.008789 0.019088
0 0.688477 0.381760 0.015625 0.008484
0 0.583008 0.339343 0.011719 0.006363
0 0.820312 0.259809 0.009766 0.006363
0 0.980957 0.309120 0.036133 0.022269
0 0.973145 0.422587 0.018555 0.011665
0 0.958984 0.407211 0.015625 0.019088
0 0.984375 0.641039 0.031250 0.020148
0 0.791504 0.724284 0.010742 0.008484
0 0.727539 0.663839 0.009766 0.006363
0 0.578125 0.615058 0.017578 0.010604
0 0.654785 0.689820 0.006836 0.005302
0 0.310547 0.618240 0.017578 0.010604
0 0.432617 0.471368 0.017578 0.009544
0 0.387695 0.673383 0.017578 0.008484
0 0.551758 0.677625 0.009766 0.019088
0 0.079102 0.708378 0.005859 0.014846
0 0.523438 0.248144 0.013672 0.027572
0 0.543457 0.384411 0.006836 0.009544
