1 0.5516824615384616 0.15985599759615388 0.05528861538461527 0.040866355769230645
1 0.5108184615384614 0.050481598557692325 0.05048123076923072 0.043269192307692265
1 0.37980800000000003 0.4134617932692308 0.06730830769230778 0.052885072115384846
1 0.3713944615384615 0.4975950745192309 0.12259692307692305 0.0721145649038466
1 0.639424 0.9411065625 0.02884676923076923 0.05047996875000038
1 0.10216369230769234 0.1562494759615385 0.026441846153846094 0.08173044471153833
0 0.6021636923076923 0.979567814903846 0.0937501538461537 0.036058415865384386
0 0.35216246153846165 0.09855873076923075 0.026441846153846205 0.0144238197115385
0 0.9230769230769231 0.39423003365384623 0.043268923076923316 0.024037432692307847
0 0.26442338461538467 0.401443076923077 0.04326892307692301 0.024037432692307847
0 0.5649033846153846 0.06850967307692307 0.043268923076923094 0.0216345961538462
0 0.4543261538461538 0.5264427139423076 0.04326892307692304 0.01923175961538448
0 0.8581735384615383 0.53605859375 0.024039384615384463 0.043269192307692106
