0 0.7884603076923076 0.23076787019230757 0.009614769230769649 0.02403743269230757
0 0.7584147692307692 0.13221076923076927 0.02644184615384626 0.06250095192307727
0 0.492790153846154 0.27884726923076913 0.03365415384615417 0.01923175961538537
1 0.7992812307692307 0.21033469230769203 0.11297969230769289 0.08894122115384559
1 0.8545673846153845 0.27283564423076956 0.13701907692307735 0.07451966826923079
1 0.03605661538461537 0.07091445793269238 0.07211323076923074 0.14182891586538476
1 0.008414769230769208 0.28605577884615374 0.016829538461538417 0.23557772115384631
1 0.43870030769230794 0.2884631490384616 0.07452061538461519 0.06250095192307725
0 0.322116923076923 0.9831720697115385 0.028844307692307947 0.033655860576922936
0 0.13461661538461556 0.8653842019230766 0.024039384615384463 0.028847639423076443
