0 0.33413415384615386 0.04086362980769209 0.014424615384615314 0.04807486538461567
1 0.2944689230769231 0.006007995192307957 0.19471261538461543 0.012015990384615914
0 0.43749907692307693 0.16826837019230795 0.028844307692307725 0.028847639423076443
0 0.7463926153846154 0.06730843269230746 0.04567138461538456 0.024037432692307015
0 0.7908676923076924 0.20072026442307728 0.028844307692307725 0.0072130432692302515
0 0.7776443076923076 0.21033614423076913 0.016827076923076723 0.07451966826923129
0 0.8846178461538461 0.06971126923076909 0.009614769230769094 0.009615879807692157
0 0.8161033846153847 0.22836648557692302 0.016827076923076834 0.009615879807692712
1 0.7920689230769231 0.15624965384615364 0.12259446153846143 0.15865521634615312
1 0.8437513846153847 0.08533877403846135 0.0961526153846155 0.12259453365384641
1 0.6862966153846154 0.5745200240384611 0.11297969230769223 0.12019169711538458
1 0.5793280000000001 0.6141804278846157 0.12019199999999997 0.2812497499999996
0 0.5096172307692308 0.46634704326923043 0.024039384615384685 0.019231759615384814
1 0.36778830769230764 0.5805271153846154 0.07211323076923076 0.10336730769230729
0 0.3413464615384615 0.5901429951923078 0.014424615384615314 0.05048223557692266
0 0.32812307692307696 0.6550467836538465 0.09856000000000004 0.05048223557692266
