0 0.9879815384615385 0.27884726923076913 0.024036923076923178 0.01923175961538537
1 0.5192295384615383 0.07091445793269238 0.10576738461538487 0.14182891586538476
0 0.430289230769231 0.3882216682692309 0.07211323076923076 0.03605614903846216
0 0.15745230769230784 0.004808117788461557 0.06971076923076899 0.009616235576923114
1 0.4375015384615384 0.28605577884615374 0.15865600000000007 0.23557772115384631
1 0.1262006153846154 0.048076176682692415 0.05048123076923068 0.09615235336538483
0 0.3449526153846153 0.5240363365384617 0.07932553846153872 0.11538602403846121
0 0.3509636923076923 0.6105747211538461 0.03365415384615417 0.10095993750000021
1 0.938700307692308 0.2884631490384616 0.07452061538461519 0.06250095192307725
0 0.822116923076923 0.9831720697115385 0.028844307692308058 0.033655860576922936
0 0.27884553846153837 0.8894216346153845 0.014424615384615869 0.00961587980769274
0 0.6346166153846156 0.8653842019230766 0.024039384615384574 0.028847639423076443
1 0.25961600000000007 0.8689884567307689 0.10096246153846139 0.15144217307692287
0 0.21634707692307678 0.9723547716346151 0.009614769230769704 0.05529045673076971
0 0.00841353846153854 0.9831730625 0.01682707692307708 0.01442155288461544
