0 0.18028799999999995 0.012019301682692265 0.062498461538461586 0.02403860336538453
0 0.17908676923076922 0.016827826923076553 0.06009600000000012 0.02884763942307645
1 0.10576738461538462 0.006008810096153693 0.09615261538461549 0.012017620192307387
1 0.536059076923077 0.1814901346153847 0.07211323076923071 0.08894122115384562
0 0.9555298461538461 0.6923059807692307 0.031251692307692425 0.0336533124999997
0 0.8930264615384615 0.6370180721153849 0.036056615384615354 0.04326919230769233
0 0.8617796923076924 0.7103363221153847 0.04086646153846152 0.03125047596153896
0 0.9903839999999999 0.6850974711538461 0.019232000000000138 0.03846351923076852
1 0.9483175384615384 0.6430296971153844 0.06971076923076902 0.06970946153846191
1 0.8930264615384615 0.7307695000000001 0.10336492307692313 0.03846351923076907
1 0.6298092307692307 0.417067855769231 0.08173292307692315 0.14663649999999961
1 0.3810116923076923 0.445915495192308 0.17548307692307713 0.0985571009615383
0 0.2548086153846155 0.4014403509615382 0.08173292307692309 0.02403743269230757
0 0.20071876923076926 0.38341454326923075 0.0312516923076924 0.031250475961538904
0 0.16706953846153844 0.6310109807692308 0.08894030769230755 0.05048223557692266
0 0.19110399999999994 0.5925474615384612 0.016827076923076806 0.007213043269230224
0 0.11658830769230774 0.6814886826923077 0.021636923076922998 0.05528790865384592
0 0.07452061538461544 0.6225965192307694 0.09615261538461549 0.0673066249999994
1 0.013222153846153849 0.5324538798076923 0.026444307692307698 0.13221041346153806
