0 0.6802879999999999 0.012019301682692265 0.062498461538461614 0.02403860336538453
0 0.6790867692307692 0.016827826923076553 0.06009600000000015 0.02884763942307645
1 0.6057673846153846 0.006008810096153693 0.0961526153846155 0.012017620192307387
1 0.8810116923076923 0.445915495192308 0.17548307692307707 0.0985571009615383
0 0.7548086153846155 0.4014403509615382 0.08173292307692304 0.02403743269230757
0 0.7007187692307693 0.38341454326923075 0.031251692307692425 0.031250475961538904
0 0.6670695384615384 0.6310109807692308 0.08894030769230754 0.05048223557692266
0 0.6911039999999999 0.5925474615384612 0.016827076923076834 0.007213043269230224
0 0.6165883076923078 0.6814886826923077 0.021636923076922998 0.05528790865384592
0 0.5745206153846154 0.6225965192307694 0.0961526153846155 0.0673066249999994
1 0.42067446153846155 0.5324538798076923 0.21153969230769215 0.13221041346153806
0 0.03245046153846154 0.6586526682692311 0.045671384615384655 0.00961587980769274
1 0.12860799999999994 0.5901446250000003 0.16105846153846148 0.19471136538461525
