1 0.7980775384615386 0.41105814182692313 0.06250092307692301 0.04807713221153859
1 0.5516824615384616 0.6598559975961539 0.05528861538461527 0.04086635576923059
1 0.5108184615384614 0.5504815985576923 0.05048123076923072 0.04326919230769233
1 0.37980800000000003 0.9134617932692308 0.06730830769230778 0.052885072115384846
1 0.3713944615384615 0.9807688960336538 0.12259692307692305 0.038462207932692394
1 0.7728369230769232 0.016827630408653836 0.02163446153846138 0.03365526081730767
1 0.12620307692307686 0.02644335096153846 0.07451815384615382 0.04326919230769234
1 0.09375015384615387 0.19471218028846154 0.08173046153846149 0.048077132211538504
1 0.3713944615384615 0.24879867067307684 0.08894276923076916 0.03605841586538455
1 0.10216369230769234 0.6562494759615385 0.026441846153846094 0.08173044471153834
0 0.12379815384615382 0.009615720552884621 0.021634461538461575 0.019231441105769242
0 0.17307815384615388 0.0036057956730769247 0.028846769230769342 0.007211591346153849
0 0.43028923076923076 0.22836549278846155 0.04326892307692304 0.048077132211538476
0 0.31249969230769226 0.17427900240384625 0.04807630769230764 0.012018716346153896
0 0.35216246153846165 0.5985587307692307 0.026441846153846205 0.0144238197115385
0 0.9350966153846153 0.26923184855769233 0.02884676923076923 0.0144238197115385
0 0.9230769230769231 0.8942300336538462 0.043268923076923316 0.024037432692307847
0 0.26442338461538467 0.901443076923077 0.04326892307692301 0.024037432692307847
0 0.5649033846153846 0.568509673076923 0.043268923076923094 0.02163459615384611
0 0.7884627692307691 0.0624995 0.033654153846153556 0.06250095192307692
0 0.8377403076923076 0.3713932043269231 0.016827076923077056 0.02163459615384622
