1 0.016827076923076945 0.24639501923076923 0.03365415384615389 0.06490378846153844
1 0.6742793846153846 0.15985663461538463 0.05048123076923061 0.08894122115384613
1 0.6189907692307693 0.3894227307692308 0.06009599999999993 0.04807713221153842
1 0.8233181538461538 0.6790869423076924 0.08413538461538483 0.031250475961538404
1 0.7728369230769232 0.9771636670673077 0.08413538461538494 0.04567266586538454
1 0.31129846153846163 0.9651443840144232 0.03124923076923053 0.06971123197115381
0 0.7403839999999999 0.20673008173076923 0.0625009230769229 0.03846125240384615
0 0.5649033846153847 0.3749989110576923 0.05288369230769252 0.014423819711538388
0 0.8365390769230769 0.944711454326923 0.057693538461538574 0.024037432692307514
1 0.40985599999999994 0.7800491466346153 0.0456738461538464 0.045672028846153734
0 0.004807999999999906 0.4591344591346154 0.009615999999999812 0.04326919230769233
0 0.19471261538461537 0.8653838461538461 0.038461538461538464 0.019231759615384814
0 0.5192295384615386 0.5889420360576924 0.024039384615384463 0.0144238197115385
0 0.9146633846153845 0.7007215384615385 0.08894276923076916 0.05047996874999994
0 0.8954338461538462 0.9579315889423077 0.0456738461538464 0.026442536057692312
0 0.8605759999999998 0.9230768581730768 0.038461538461538436 0.04326919230769233
