1 0.036059076923076985 0.1814901346153847 0.07211323076923075 0.08894122115384562
0 0.8100947692307692 0.04567093269230792 0.043268923076923205 0.014421552884615947
0 0.7920664615384615 0.13822094230769202 0.05048123076923061 0.05048223557692266
1 0.9831741538461538 0.44951975000000033 0.03365169230769227 0.0673066249999994
0 0.45552984615384606 0.6923059807692307 0.03125169230769237 0.0336533124999997
0 0.39302646153846155 0.6370180721153849 0.036056615384615354 0.04326919230769233
0 0.36177969230769236 0.7103363221153847 0.04086646153846152 0.03125047596153896
0 0.5024024615384615 0.6850974711538461 0.04326892307692337 0.03846351923076852
1 0.44831753846153843 0.6430296971153844 0.06971076923076902 0.06970946153846191
1 0.39302646153846155 0.7307695000000001 0.10336492307692313 0.03846351923076907
1 0.1298092307692307 0.417067855769231 0.08173292307692309 0.14663649999999961
