1 0.8112984615384616 0.4651446322115385 0.031249230769230474 0.06971172836538464
1 0.2980775384615385 0.41105814182692313 0.06250092307692295 0.04807713221153859
1 0.05168246153846158 0.6598559975961539 0.055288615384615276 0.04086635576923059
1 0.018029538461538423 0.5504815985576923 0.03605907692307685 0.04326919230769233
1 0.2728369230769232 0.016827630408653836 0.02163446153846138 0.03365526081730767
1 0.909856 0.28004914663461544 0.0456738461538464 0.04567202884615379
0 0.6947126153846155 0.3653838461538461 0.038461538461538436 0.019231759615384703
0 0.4350966153846153 0.26923184855769233 0.028846769230769342 0.0144238197115385
0 0.790865230769231 0.9987981039663462 0.024039384615384463 0.002403792067307675
0 0.4230769230769231 0.8942300336538462 0.043268923076923316 0.024037432692307847
0 0.06490338461538454 0.568509673076923 0.04326892307692303 0.02163459615384611
0 0.2884627692307691 0.0624995 0.03365415384615361 0.06250095192307692
0 0.3377403076923076 0.3713932043269231 0.016827076923077056 0.02163459615384622
