0 0.27523938461538466 0.08293430769230771 0.050481230769230695 0.040866355769230506
0 0.23317169230769225 0.0961544423076923 0.009614769230769149 0.019231759615384578
0 0.1947126153846154 0.13942363461538457 0.038459076923076874 0.0625009519230767
1 0.3197095384615386 0.04687580288461527 0.2451938461538461 0.09375160576923054
0 0.847355076923077 0.328123375 0.07452061538461519 0.02163459615384622
1 0.7836553846153845 0.3665868942307692 0.07211323076923071 0.0985571009615383
0 0.13220923076923072 0.8341335480769232 0.0480787692307692 0.03365331250000003
0 0.49519261538461545 0.9879799206730772 0.08173292307692309 0.024040158653845678
0 0.9230769230769231 0.7223563124999999 0.06730830769230778 0.031250475961538626
1 0.9278855384615384 0.7451923269230767 0.14422892307692314 0.3269217788461535
0 0.9651446153846155 0.35576959615384607 0.02644184615384626 0.028847639423077
