0 0.019232000000000003 0.23918197596153845 0.038464000000000005 0.01201871634615384
0 0.12139569230769232 0.40985590865384613 0.03605661538461537 0.026440269230769198
1 0.2584147692307692 0.3449521201923077 0.10336492307692316 0.12740474038461536
0 0.2896615384615384 0.612981735576923 0.07452061538461546 0.024037432692307625
0 0.014422153846153854 0.8461520865384615 0.028844307692307707 0.06250095192307714
0 0.12379815384615382 0.8016814759615384 0.10817476923076927 0.07451966826923084
0 0.10336738461538467 0.7199532980769231 0.02403938461538467 0.021634596153845997
1 0.09374769230769234 0.6971172836538462 0.08653784615384622 0.1105758173076925
1 0.036057846153846176 0.7932670144230769 0.07211569230769235 0.11057581730769239
1 0.38100923076923077 0.9519225492788461 0.05048123076923067 0.09615490144230776
0 0.09975876923076923 0.1850954855769231 0.06009599999999997 0.009615879807692296
