1 0.1742793846153846 0.15985663461538463 0.050481230769230695 0.08894122115384613
1 0.11899076923076936 0.3894227307692308 0.060095999999999844 0.04807713221153842
1 0.3233181538461539 0.6790869423076924 0.08413538461538489 0.031250475961538404
1 0.2728369230769232 0.9771636670673077 0.08413538461538483 0.04567266586538454
0 0.24038399999999993 0.20673008173076923 0.06250092307692293 0.03846125240384615
0 0.0649033846153847 0.3749989110576923 0.05288369230769245 0.014423819711538388
0 0.33653907692307705 0.944711454326923 0.05769353846153863 0.024037432692307514
0 0.01922953846153856 0.5889420360576924 0.024039384615384473 0.0144238197115385
0 0.41466338461538454 0.7007215384615385 0.08894276923076916 0.05047996874999994
0 0.39543384615384625 0.9579315889423077 0.0456738461538464 0.026442536057692312
0 0.3605759999999999 0.9230768581730768 0.03846153846153849 0.04326919230769233
