0 0.2896615384615384 0.11298173557692306 0.07452061538461546 0.024037432692307625
0 0.014422153846153854 0.3461520865384615 0.028844307692307707 0.06250095192307709
0 0.12379815384615382 0.3016814759615384 0.10817476923076927 0.07451966826923073
0 0.10336738461538467 0.2199532980769231 0.02403938461538467 0.02163459615384608
1 0.09374769230769234 0.19711728365384623 0.08653784615384622 0.11057581730769253
1 0.036057846153846176 0.2932670144230769 0.07211569230769235 0.11057581730769236
1 0.38100923076923077 0.46273952884615377 0.05048123076923067 0.11778886057692306
0 0.9627396923076924 0.8112959038461538 0.036056615384615354 0.07451966826923095
0 0.9387003076923077 0.8870169903846155 0.02163692307692322 0.038463519230769405
1 0.8197095384615386 0.9507215384615384 0.2451938461538461 0.0985569230769231
