0 0.2572135384615383 0.009615242788461487 0.028844307692307947 0.019230485576922973
0 0.25961600000000007 0.039663663461538504 0.04326892307692273 0.026440269230768913
0 0.012019692307692235 0.2512039519230769 0.02403938461538447 0.012018716346153757
0 0.7752393846153844 0.322114831730769 0.07452061538461519 0.019231759615384814
0 0.7235569230769228 0.34615226442307684 0.009614769230769649 0.028847639423076443
0 0.7439926153846153 0.37019423076923097 0.06490584615384654 0.024037432692307292
1 0.9435089230769229 0.7439894567307694 0.11298215384615418 0.09375142788461444
0 0.5312516923076924 0.9855788028846155 0.057693538461538685 0.00961587980769274
0 0.44711630769230754 0.9567311634615385 0.04326892307692276 0.03846351923076863
1 0.10456861538461537 0.7944716923076927 0.05528615384615422 0.24759643749999982
0 0.08173046153846177 0.8341366298076924 0.014424615384615869 0.014421552884615885
