0 0.3100947692307693 0.0012023221153844277 0.05769353846153852 0.0024046442307688555
1 0.19230523076923078 0.007210546875000181 0.17307569230769232 0.014421093750000362
0 0.420672 0.027642591346153884 0.04807876923076926 0.05528518269230777
0 0.43629784615384615 0.1093762067307692 0.03605661538461541 0.02644026923076946
0 0.9987975384615384 0.5516840096153846 0.0024049230769230823 0.03605614903846166
0 0.9855778461538461 0.5252392067307692 0.028844307692307725 0.08413554807692347
0 0.8064886153846154 0.40624892788461536 0.08894030769230754 0.16827109615384583
0 0.8293267692307692 0.34495392788461554 0.03845907692307682 0.04086635576923109
1 0.9314916923076924 0.5757214423076924 0.1370166153846154 0.055287908653846474
1 0.7740406153846153 0.5276420432692311 0.12500184615384613 0.09375142788461505
1 0.6490387692307693 0.4807685961538459 0.1298067692307694 0.07211683173076888
1 0.8774055384615385 0.2740385144230768 0.062498461538461614 0.11057581730769184
0 0.05889476923076923 0.9639427548076925 0.01682707692307693 0.014421552884615885
0 0.009614769230769232 0.9158633557692304 0.014424615384615385 0.0336533124999997
0 0.13220923076923077 0.9134605192307693 0.04807876923076926 0.019231759615384814
1 0.2764406153846154 0.9387033185096153 0.1009624615384615 0.1225933629807694
1 0.7091347692307692 0.8064889567307694 0.12019199999999997 0.05048223557692266
1 0.8305279999999999 0.8100977451923077 0.12259446153846143 0.043269192307691884
