1 0.18629661538461526 0.1826930048076919 0.0456713846153845 0.09615426442307695
0 0.2067323076923076 0.8269252163461536 0.10576738461538435 0.03846351923076907
0 0.6562486153846153 0.5649026923076923 0.014424615384615258 0.028847639423076443
0 0.6274043076923077 0.5180292451923081 0.03845907692307715 0.0697094615384618
0 0.6394215384615385 0.47476005288461537 0.04807876923076948 0.01201871634615348
0 0.6899027692307693 0.4627413365384616 0.024039384615384463 0.007213043269230279
0 0.8617772307692307 0.700721894230769 0.036056615384615354 0.02163459615384622
0 0.8485587692307692 0.706728985576923 0.014424615384615258 0.033653312500000254
0 0.8593747692307693 0.7800472355769232 0.031251692307692425 0.026440269230769364
0 0.8569723076923078 0.8233164278846155 0.036056615384615354 0.02163459615384622
0 0.6586560000000001 0.9194706923076921 0.08653784615384608 0.016828923076922964
0 0.6550473846153848 0.9519225865384615 0.060095999999999816 0.028847639423076443
0 0.5733193846153846 0.9963933377403845 0.036056615384615354 0.007213324519230957
0 0.7439926153846155 0.9350981971153847 0.02644184615384626 0.014421552884615885
1 0.8185083076923076 0.4423081586538461 0.22836676923076904 0.07692250480769208
1 0.6093759999999999 0.9603360552884614 0.031251692307692425 0.07932788942307722
1 0.6983163076923078 0.9278841610576923 0.11297969230769234 0.14423167788461533
1 0.7596135384615385 0.972355905048077 0.10576738461538437 0.055288189903845986
