0 0.992788923076923 0.23557807692307703 0.014422153846153973 0.01923175961538484
0 0.5096147692307693 0.051684009615384566 0.024039384615384685 0.036056149038461605
0 0.516827076923077 0.07812427884615403 0.014424615384615258 0.012018716346153507
0 0.4879827692307692 0.033653490384615466 0.03365415384615389 0.06730698076923093
1 0.43630030769230765 0.0757214423076924 0.14663384615384611 0.05528790865384645
1 0.27404061538461544 0.03725887860576931 0.12500184615384616 0.07451775721153862
1 0.1490387692307693 0.008413506009615136 0.12980676923076928 0.016827012019230272
1 0.20913476923076924 0.30648895673076926 0.12019199999999994 0.05048223557692261
1 0.33052799999999993 0.31009774519230776 0.12259446153846143 0.043269192307691884
0 0.6802879999999999 0.5084133653846153 0.062498461538461614 0.03125047596153835
0 0.6790867692307692 0.5168278269230766 0.06009600000000015 0.028847639423076443
1 0.6057673846153846 0.49038302403846146 0.0961526153846155 0.04326919230769183
1 0.8810116923076923 0.9459154951923081 0.17548307692307707 0.09855710096153836
0 0.7548086153846155 0.9014403509615383 0.08173292307692304 0.024037432692307514
0 0.7007187692307693 0.8834145432692307 0.031251692307692425 0.03125047596153885
1 0.42067446153846155 0.9831743365384616 0.21153969230769215 0.03365132692307671
1 0.12860799999999994 0.9963944711538464 0.16105846153846148 0.007211057692307232
