0 0.6706707692307691 0.02644149158653847 0.1298067692307694 0.05288298317307694
0 0.8209132307692308 0.08894139903846152 0.07452061538461519 0.03846351923076942
0 0.8725956923076924 0.09495302403846136 0.028844307692307947 0.031250475961538626
1 0.7752418461538463 0.1478380961538462 0.17067323076923047 0.07451966826923102
1 0.9290867692307692 0.6694712403846155 0.14182646153846157 0.09375142788461555
0 0.33173169230769245 0.47235703846153854 0.024039384615384463 0.007213043269230779
0 0.20192492307692306 0.4675468317307694 0.024039384615384463 0.02163459615384622
0 0.1442313846153847 0.4999987259615385 0.03365415384615361 0.019231759615384536
0 0.14543261538461533 0.5072117692307694 0.0312516923076924 0.004805673076922923
1 0.2391827692307693 0.4831743365384615 0.15624861538461562 0.06730662500000018
