0 0.24639261538461538 0.47956537019230766 0.05048123076923072 0.05528790865384614
0 0.2608172307692308 0.5456751105769231 0.02163692307692297 0.08653838461538454
1 0.2692307692307693 0.3605750913461539 0.10576738461538465 0.18749832211538464
0 0.570912 0.44230780288461535 0.055286153846153985 0.028847639423076943
0 0.6009624615384616 0.4663452355769231 0.028844307692307725 0.009615879807692351
0 0.9759630769230769 0.8197118173076923 0.019229538461538298 0.07692250480769236
0 0.9567286153846153 0.9555310192307693 0.08173292307692315 0.07932534134615388
1 0.9759618461538462 0.6346163317307693 0.04807630769230764 0.28846279326923074
0 0.4939889230769231 0.921873173076923 0.040866461538461574 0.06970946153846158
0 0.4795692307692308 0.8064916826923076 0.06490584615384598 0.03125047596153829
0 0.38822153846153845 0.7692295817307693 0.1274043076923076 0.05288507211538451
