0 0.022461 0.264846 0.043945 0.022800
0 0.012207 0.377253 0.012695 0.032344
1 0.030518 0.281283 0.015137 0.012195
0 0.237061 0.312566 0.037598 0.033404
1 0.237061 0.291092 0.034668 0.012725
0 0.287354 0.260870 0.033691 0.012725
0 0.230957 0.162248 0.037109 0.036055
0 0.266602 0.133616 0.011719 0.026511
1 0.266113 0.146872 0.025391 0.012725
0 0.284912 0.168346 0.026855 0.014316
1 0.304443 0.163043 0.015137 0.013256
0 0.325928 0.145811 0.030762 0.024390
0 0.328369 0.160392 0.037598 0.025981
0 0.284668 0.195652 0.032227 0.032874
1 0.284912 0.181601 0.005371 0.018558
1 0.275635 0.192471 0.008301 0.011665
1 0.281738 0.180011 0.012695 0.013256
0 0.343994 0.212354 0.020020 0.019618
0 0.374512 0.188494 0.025391 0.062036
0 0.569580 0.093849 0.054199 0.018028
0 0.699219 0.086957 0.036133 0.015907
1 0.733154 0.088812 0.028809 0.011135
0 0.966797 0.092524 0.014648 0.041888
1 0.977539 0.101007 0.019531 0.020679
0 0.758789 0.192471 0.027344 0.053022
0 0.815430 0.268028 0.022461 0.025981
0 0.941406 0.424708 0.050781 0.029692
0 0.936768 0.318134 0.019043 0.018028
0 0.636230 0.425769 0.007812 0.023330
0 0.629883 0.441676 0.013672 0.020148
0 0.556885 0.242842 0.045410 0.020148
0 0.019531 0.511400 0.038086 0.015376
1 0.058350 0.507158 0.043457 0.013256
0 0.250000 0.507158 0.042969 0.022800
0 0.169434 0.484624 0.012695 0.020148
0 0.191406 0.503712 0.047852 0.047720
1 0.221680 0.518028 0.017578 0.013786
0 0.318604 0.544274 0.020996 0.028102
1 0.320801 0.561771 0.016602 0.015376
0 0.404297 0.610817 0.023438 0.013786
0 0.397461 0.613203 0.027344 0.030223
1 0.382568 0.624337 0.020996 0.025981
0 0.153320 0.757688 0.049805 0.014846
1 0.167480 0.773065 0.021484 0.022269
0 0.157227 0.817073 0.019531 0.039236
1 0.154785 0.796660 0.010742 0.020679
1 0.151611 0.825822 0.009277 0.040827
0 0.171631 0.843849 0.032715 0.017497
1 0.162598 0.839608 0.008789 0.012195
0 0.200439 0.884677 0.026855 0.035525
1 0.214844 0.915960 0.012695 0.032344
0 0.144531 0.932927 0.016602 0.009014
0 0.101807 0.935048 0.015137 0.004772
0 0.507568 0.435313 0.013184 0.029692
0 0.542725 0.601538 0.026855 0.042948
0 0.513672 0.680541 0.014648 0.041888
0 0.585205 0.704931 0.020996 0.044008
0 0.650146 0.763786 0.042480 0.036585
1 0.620361 0.804083 0.018066 0.047190
0 0.675293 0.880435 0.051758 0.024920
0 0.783447 0.673648 0.046387 0.022800
0 0.880615 0.530753 0.032715 0.073171
1 0.906738 0.491516 0.018555 0.011665
