0 0.38702030769230766 0.26322249038461537 0.13461661538461528 0.06970946153846147
0 0.972356923076923 0.13942273076923076 0.055286153846153985 0.2788454615384615
0 0.9543261538461538 0.7475980673076922 0.09134769230769224 0.13942345673076928
0 0.7379815384615385 0.5961558942307692 0.2884627692307693 0.07211683173076922
0 0.8173070769230768 0.7992771875 0.10576738461538437 0.15624784615384646
0 0.6899027692307692 0.8846141538461538 0.062498461538461614 0.16346088942307668
0 0.631008 0.9122591526442309 0.06490584615384598 0.1754816947115383
1 0.4819716923076923 0.3004800576923077 0.07452061538461541 0.04807486538461542
1 0.2500012307692308 0.044471018028846156 0.07211323076923074 0.08894203605769231
1 0.9759630769230769 0.3245174903846153 0.043268923076923316 0.12019169711538463
1 0.768027076923077 0.8245205721153845 0.1177895384615385 0.028847639423077
1 0.8762018461538461 0.8076916490384615 0.08894030769230776 0.024037432692307847
