1 0.05288369230769231 0.2499992740384615 0.07211569230769235 0.12019169711538466
1 0.05648984615384614 0.3269240456730769 0.02163446153846165 0.09134632451923075
1 0.6165858461538463 0.1105758173076923 0.07932800000000007 0.07211456490384613
1 0.573316923076923 0.05408649038461538 0.02644184615384626 0.055287908653846154
1 0.5913452307692306 0.40745080528846145 0.04807630769230764 0.026442536057692256
1 0.6165858461538463 0.41947178846153843 0.02644184615384626 0.016826656250000016
1 0.7415876923076924 0.5168274711538462 0.0745181538461539 0.03365331250000003
1 0.32091323076923084 0.5937499759615384 0.06971076923076897 0.038461252403846125
1 0.3918276923076923 0.5865391995192308 0.07692307692307693 0.024037432692307625
0 0.35096123076923075 0.5697125432692308 0.043268923076923316 0.01923175961538459
1 0.5949513846153847 0.7271640745192307 0.05048123076923072 0.09374916105769227
1 0.6310104615384615 0.7572108653846155 0.07451815384615379 0.038461252403846125
1 0.44471138461538473 0.713941673076923 0.043268923076923316 0.038461252403846125
1 0.4387027692307693 0.7163467764423077 0.016827076923077056 0.028845372596153718
1 0.0036061538461538314 0.799278639423077 0.007212307692307663 0.016826656249999905
1 0.0024043076923076887 0.8593744879807692 0.004808615384615377 0.03125047596153829
1 0.0396627692307692 0.8822105024038461 0.07451815384615383 0.04326919230769222
1 0.04927999999999995 0.9639418323317308 0.06009600000000011 0.0721163353365385
0 0.06730830769230764 0.9194703365384616 0.01922953846153857 0.04086635576923092
1 0.10096246153846153 0.9230768581730769 0.06250092307692322 0.024037432692307625
