0 0.34374892307692306 0.9170691298076923 0.13942153846153849 0.1514421730769232
0 0.6093735384615384 0.7704326298076922 0.2764406153846153 0.08413554807692292
1 0.431488 0.7692312115384614 0.10336492307692319 0.08173271153846184
1 0.4182695384615384 0.6874985 0.03365415384615389 0.12500190384615395
0 0.29807753846153845 0.6706741105769232 0.16827076923076922 0.20673008173076934
0 0.42548184615384615 0.575721264423077 0.0528836923076923 0.1225945336538461
0 0.4435101538461539 0.45913382211538456 0.06009599999999998 0.12019169711538424
0 0.7295655384615385 0.1189919086538462 0.08894030769230754 0.16105805288461544
1 0.7800467692307692 0.24759806730769224 0.06971076923076924 0.11538602403846152
0 0.645435076923077 0.008413009615384595 0.1370190769230769 0.01682601923076919
