1 0.7415876923076924 0.016827471153846172 0.0745181538461539 0.03365331250000005
1 0.32091323076923084 0.09374997596153845 0.06971076923076897 0.038461252403846055
1 0.3918276923076923 0.08653919951923078 0.07692307692307693 0.024037432692307625
0 0.35096123076923075 0.06971254326923079 0.043268923076923316 0.01923175961538464
1 0.5949513846153847 0.2271640745192307 0.05048123076923072 0.09374916105769224
1 0.6310104615384615 0.25721086538461546 0.07451815384615379 0.03846125240384604
1 0.44471138461538473 0.21394167307692302 0.043268923076923316 0.03846125240384604
1 0.4387027692307693 0.21634677644230768 0.016827076923077056 0.028845372596153773
1 0.0036061538461538314 0.299278639423077 0.007212307692307663 0.016826656250000016
1 0.0024043076923076887 0.3593744879807692 0.004808615384615377 0.03125047596153835
1 0.0396627692307692 0.38221050240384613 0.07451815384615383 0.04326919230769227
1 0.04927999999999995 0.4735568269230769 0.06009600000000011 0.09134632451923075
0 0.06730830769230764 0.4194703365384615 0.01922953846153857 0.04086635576923092
1 0.10096246153846153 0.42307685817307694 0.06250092307692322 0.02403743269230757
1 0.16466461538461535 0.6766826538461539 0.016827076923076806 0.026442536057692423
1 0.13822030769230764 0.6550480576923077 0.02644184615384622 0.01201871634615359
1 0.16105846153846148 0.6490386995192308 0.028846769230769315 0.06250095192307681
1 0.3762018461538461 0.9014430769230769 0.06009599999999987 0.02884537259615394
0 0.4038449230769232 0.9182697331730769 0.028846769230769287 0.028845372596154162
1 0.787259076923077 0.6033644038461539 0.05048123076923072 0.052885072115384624
1 0.7584123076923076 0.5721161947115385 0.02644184615384626 0.019231759615384703
1 0.5408664615384615 0.990385342548077 0.038461538461538436 0.01922931490384605
