1 0.5096147692307692 0.15865294951923076 0.03365415384615389 0.08653838461538461
1 0.5889427692307692 0.18149123076923074 0.02884676923076912 0.09374916105769229
0 0.5540873846153846 0.19471136538461536 0.06490338461538447 0.02403743269230771
0 0.6875003076923077 0.15504869471153845 0.009614769230769094 0.026442536057692312
0 0.7079335384615385 0.1514421730769231 0.02644184615384626 0.02884537259615383
1 0.740384 0.1598566346153846 0.12499938461538451 0.045672028846153845
1 0.6478375384615384 0.1213931153846154 0.10336492307692313 0.05047996875000002
1 0.4591335384615385 0.5108181129807692 0.05769353846153852 0.09374916105769232
1 0.4915864615384615 0.45673162259615385 0.026441846153846038 0.03365331250000003
1 0.09375015384615384 0.6874991370192307 0.07211569230769231 0.04807713221153864
1 0.09254892307692308 0.7043257932692308 0.016827076923076903 0.024037432692307514
1 0.8978363076923077 0.9038450985576922 0.09855753846153859 0.04807713221153864
1 0.9723563076923076 0.8245197572115384 0.05528738461538463 0.04807713221153853
1 0.9951926153846155 0.799278639423077 0.009614769230769094 0.016826656249999905
1 0.9915870769230768 0.8593744879807692 0.016825846153846302 0.03125047596153829
