0 0.9927889230769231 0.5504815985576923 0.014422153846153862 0.04326919230769233
0 0.879808 0.9134617932692308 0.06730830769230778 0.052885072115384846
0 0.8701932307692308 0.9807694627403846 0.12019199999999997 0.038461074519230865
0 0.6262030769230769 0.02644335096153846 0.0745181538461539 0.04326919230769234
0 0.5937501538461538 0.1959135985576923 0.08173046153846142 0.05047996874999999
0 0.8713944615384615 0.25000008894230774 0.08894276923076916 0.03846125240384604
0 0.5973563076923076 0.6586545793269231 0.02163446153846149 0.08653838461538466
0 0.38341415384615385 0.9771635078124999 0.040866461538461574 0.045672984375000114
0 0.19952 0.23918279086538463 0.08173046153846159 0.04567202884615404
0 0.2728369230769231 0.26562532692307694 0.03124923076923075 0.06490378846153835
1 0.28125046153846156 0.2283654927884616 0.028846769230769287 0.04326919230769227
1 0.6237981538461538 0.009615720552884621 0.021634461538461602 0.019231441105769242
1 0.6730781538461539 0.0036057956730769247 0.02884676923076923 0.007211591346153849
1 0.9302892307692308 0.22836549278846155 0.04326892307692298 0.048077132211538476
1 0.40504861538461534 0.9459136875 0.06009599999999998 0.06490378846153833
