1 0.4591335384615385 0.028846346754807684 0.05769353846153852 0.05769269350961537
1 0.09375015384615384 0.1874991370192307 0.07211569230769231 0.048077132211538615
1 0.09254892307692308 0.20432579326923075 0.016827076923076903 0.02403743269230757
1 0.8978363076923077 0.4038450985576923 0.09855753846153859 0.04807713221153864
1 0.9723563076923076 0.32451975721153836 0.05528738461538463 0.04807713221153853
1 0.9951926153846155 0.299278639423077 0.009614769230769094 0.016826656250000016
1 0.9915870769230768 0.3593744879807692 0.016825846153846302 0.03125047596153835
1 0.6454326153846155 0.7163453245192308 0.07451815384615379 0.04807713221153864
1 0.6442313846153845 0.8329327668269231 0.024039384615384796 0.06971172836538464
1 0.6262030769230769 0.8750005408653847 0.031249230769230807 0.0336533124999997
1 0.3173070769230769 0.9939901640625001 0.06730830769230772 0.01201967187499986
1 0.37740307692307695 0.9567308966346155 0.04807630769230775 0.08653820673076906
1 0.29086523076923076 0.8966351370192307 0.08653784615384613 0.06730662500000029
0 0.270432 0.9603362848557693 0.012019692307692287 0.07932743028846134
