0 0.151611 0.105779 0.010254 0.012195
0 0.154541 0.120361 0.004395 0.019088
1 0.156250 0.079533 0.021484 0.041357
0 0.217529 0.097561 0.011230 0.006363
0 0.223633 0.102863 0.005859 0.002121
0 0.354004 0.065483 0.012695 0.022800
0 0.480469 0.073701 0.012695 0.014846
0 0.468018 0.055938 0.009277 0.003712
1 0.503662 0.075292 0.034668 0.014846
0 0.738770 0.045864 0.010742 0.004772
0 0.751953 0.047190 0.016602 0.002121
0 0.744141 0.073701 0.008789 0.005302
0 0.750244 0.064422 0.007324 0.011135
0 0.758057 0.054083 0.005371 0.010604
1 0.724365 0.086957 0.032715 0.025451
1 0.723145 0.036585 0.023438 0.020148
1 0.848389 0.003712 0.009277 0.006363
0 0.962402 0.061771 0.003906 0.003712
0 0.994629 0.109226 0.002930 0.004242
0 0.938965 0.082980 0.003906 0.003712
0 0.952148 0.078473 0.003906 0.004242
0 0.716309 0.188759 0.002930 0.003181
0 0.671143 0.212619 0.015137 0.012725
0 0.541992 0.149258 0.002930 0.006893
0 0.545410 0.149258 0.005859 0.006893
0 0.546387 0.146872 0.003906 0.006363
0 0.547119 0.140244 0.005371 0.002651
0 0.546631 0.139714 0.004395 0.002651
0 0.532715 0.147137 0.007812 0.006893
0 0.506348 0.156946 0.006836 0.005302
0 0.510986 0.159862 0.020996 0.001591
0 0.507080 0.162778 0.006348 0.004242
1 0.495361 0.143425 0.014160 0.032344
0 0.490967 0.170732 0.013184 0.003181
1 0.481201 0.152704 0.008301 0.040297
1 0.540527 0.136002 0.007812 0.019618
0 0.548096 0.206787 0.003418 0.011665
0 0.299805 0.180806 0.003906 0.016967
0 0.295898 0.210764 0.016602 0.017497
1 0.303223 0.139979 0.016602 0.063627
0 0.201904 0.203340 0.008301 0.015376
0 0.198975 0.177890 0.013184 0.006893
0 0.180420 0.169671 0.025879 0.011665
0 0.044434 0.223489 0.010742 0.021739
0 0.023193 0.218452 0.018066 0.011665
0 0.018066 0.206787 0.007812 0.010604
0 0.027100 0.198834 0.024902 0.033934
0 0.256348 0.292418 0.020508 0.002651
0 0.275635 0.304348 0.002441 0.005302
0 0.279297 0.288706 0.011719 0.001591
0 0.276611 0.250530 0.002441 0.004772
1 0.251465 0.241782 0.057617 0.013786
1 0.229736 0.313627 0.012207 0.038706
1 0.240967 0.307529 0.013184 0.034995
1 0.267578 0.286585 0.020508 0.032344
1 0.303467 0.276511 0.035645 0.030223
0 0.366211 0.360817 0.007812 0.022800
0 0.357666 0.368505 0.009277 0.005302
0 0.347900 0.367975 0.005371 0.002121
0 0.542480 0.336161 0.026367 0.012725
0 0.572998 0.350477 0.015137 0.008484
0 0.583496 0.351803 0.005859 0.006893
1 0.563721 0.363468 0.034668 0.016437
0 0.871582 0.345705 0.040039 0.044539
1 0.842041 0.346235 0.020020 0.049841
0 0.884033 0.327147 0.002441 0.008484
0 0.882324 0.321050 0.003906 0.001591
1 0.891357 0.320255 0.014160 0.007423
0 0.888916 0.333510 0.005371 0.003181
1 0.955322 0.230382 0.034668 0.027041
1 0.986328 0.273595 0.014648 0.012725
1 0.789062 0.457052 0.018555 0.010604
1 0.597168 0.478526 0.033203 0.020679
0 0.473633 0.435048 0.004883 0.001591
0 0.447266 0.433987 0.004883 0.004772
0 0.435547 0.441145 0.006836 0.004242
0 0.435791 0.442736 0.006348 0.001060
1 0.454834 0.437434 0.031738 0.014846
0 0.313965 0.457582 0.004883 0.002121
0 0.313965 0.459703 0.003906 0.001060
1 0.303467 0.452545 0.019043 0.018558
0 0.128418 0.500795 0.004883 0.018558
0 0.001953 0.481177 0.002930 0.002651
1 0.014404 0.495493 0.021973 0.029162
0 0.062988 0.547720 0.011719 0.008484
0 0.020264 0.549841 0.003418 0.002121
1 0.039062 0.550636 0.035156 0.007953
0 0.079102 0.541092 0.014648 0.002651
0 0.085449 0.551166 0.009766 0.024920
0 0.088623 0.575557 0.007324 0.005832
0 0.639404 0.572641 0.023926 0.005302
0 0.972656 0.712619 0.001953 0.005302
0 0.966553 0.690880 0.005371 0.013786
0 0.912598 0.723224 0.006836 0.004242
1 0.974854 0.708112 0.022949 0.019618
1 0.986084 0.721898 0.027832 0.016437
0 0.827881 0.646341 0.001465 0.008484
1 0.816406 0.665960 0.021484 0.054083
0 0.798340 0.747349 0.014648 0.007953
0 0.742920 0.659332 0.014160 0.009014
1 0.799805 0.724814 0.032227 0.051962
1 0.736572 0.672322 0.010254 0.021209
0 0.781006 0.777306 0.016113 0.025451
0 0.782227 0.796394 0.006836 0.022269
1 0.422119 0.666490 0.056152 0.036055
0 0.392578 0.652439 0.002930 0.001591
0 0.305664 0.713680 0.007812 0.004242
0 0.205078 0.673118 0.004883 0.007953
0 0.206543 0.678950 0.002930 0.002651
0 0.200684 0.667285 0.006836 0.018558
0 0.163818 0.641039 0.018066 0.037116
0 0.168457 0.627519 0.007812 0.009014
1 0.190186 0.678420 0.029785 0.012195
1 0.157227 0.667815 0.025391 0.020679
1 0.131836 0.657476 0.026367 0.015907
1 0.178223 0.611877 0.012695 0.024390
0 0.011963 0.764051 0.003418 0.003181
0 0.001953 0.753446 0.002930 0.007423
0 0.026855 0.752916 0.009766 0.004242
1 0.056152 0.758484 0.020508 0.027041
1 0.144043 0.729321 0.024414 0.011135
1 0.168701 0.730117 0.024902 0.009544
0 0.239746 0.773860 0.012695 0.006893
0 0.239502 0.775716 0.012207 0.006363
1 0.224609 0.769883 0.019531 0.009544
1 0.312012 0.812036 0.014648 0.019618
0 0.469238 0.782078 0.008789 0.003181
0 0.465576 0.802492 0.010254 0.011135
1 0.901611 0.725345 0.015137 0.013786
1 0.993896 0.891835 0.012207 0.009544
0 0.877930 0.879109 0.005859 0.008484
0 0.767578 0.857900 0.002930 0.002121
0 0.839844 0.852598 0.004883 0.006363
1 0.763672 0.853393 0.020508 0.033404
0 0.754883 0.879639 0.001953 0.019088
0 0.804688 0.897137 0.011719 0.029692
0 0.816162 0.919671 0.032715 0.035525
0 0.758057 0.925504 0.006348 0.021739
0 0.756104 0.924178 0.003418 0.002121
0 0.706787 0.889714 0.005371 0.006363
0 0.711914 0.878579 0.004883 0.003181
0 0.747559 0.908537 0.001953 0.005832
0 0.546143 0.887593 0.020020 0.038176
0 0.544434 0.888123 0.002930 0.007423
0 0.550293 0.897402 0.012695 0.010074
0 0.568359 0.919141 0.023438 0.025981
0 0.554443 0.921262 0.002441 0.015376
1 0.518555 0.871156 0.035156 0.014846
0 0.397217 0.924708 0.006348 0.007423
0 0.384521 0.912513 0.007324 0.009544
0 0.378174 0.928685 0.008301 0.006893
0 0.406738 0.923118 0.008789 0.008484
1 0.395752 0.913839 0.014160 0.015376
1 0.384521 0.933192 0.020996 0.008484
1 0.331055 0.863998 0.016602 0.032344
1 0.280518 0.870361 0.035645 0.021739
0 0.254883 0.860551 0.016602 0.005302
0 0.243896 0.856575 0.006348 0.006893
0 0.237061 0.911188 0.018066 0.011135
0 0.241943 0.902704 0.003418 0.001591
0 0.226807 0.922322 0.004395 0.012195
0 0.218262 0.909332 0.019531 0.014846
1 0.187012 0.889449 0.042969 0.029162
0 0.108154 0.917285 0.009277 0.002121
1 0.127686 0.902174 0.032715 0.042948
