0 0.074519 0.804087 0.072115 0.141827
0 0.758413 0.872596 0.218750 0.052885
0 0.917067 0.894231 0.060096 0.100962
0 0.865385 0.890625 0.086538 0.108173
0 0.268029 0.584135 0.175481 0.052885
0 0.091346 0.606971 0.134615 0.156250
0 0.247596 0.507212 0.139423 0.125000
0 0.230769 0.394231 0.100962 0.100962
0 0.489183 0.277644 0.112981 0.060096
0 0.614183 0.844952 0.079327 0.137019
0 0.649038 0.844952 0.048077 0.098558
0 0.322115 0.289663 0.076923 0.112981
0 0.286058 0.266827 0.062500 0.115385
0 0.229567 0.112981 0.141827 0.125000
0 0.364183 0.028846 0.055288 0.052885
0 0.965144 0.039663 0.064904 0.074519
