1 0.169922 0.056734 0.013672 0.039236
1 0.144043 0.093849 0.059570 0.039236
1 0.076172 0.084836 0.013672 0.019088
1 0.282715 0.146872 0.006836 0.009544
1 0.398926 0.070520 0.018555 0.015907
1 0.150879 0.163839 0.010742 0.013786
1 0.039551 0.218982 0.028320 0.022269
1 0.004395 0.118770 0.004883 0.016967
1 0.326172 0.264051 0.013672 0.019088
1 0.367188 0.296925 0.013672 0.014846
1 0.301758 0.261400 0.005859 0.005302
1 0.525879 0.237540 0.038086 0.027572
1 0.336426 0.120891 0.012695 0.016967
1 0.884766 0.030753 0.009766 0.019088
1 0.706055 0.197243 0.011719 0.029692
1 0.614258 0.273595 0.011719 0.029692
1 0.978516 0.278367 0.017578 0.009544
1 0.924805 0.180806 0.011719 0.007423
1 0.924805 0.190350 0.009766 0.009544
1 0.907227 0.387063 0.007812 0.027572
1 0.921387 0.392365 0.016602 0.012725
1 0.721680 0.423118 0.015625 0.014846
1 0.659668 0.470838 0.006836 0.027572
1 0.846680 0.521209 0.009766 0.032874
1 0.970215 0.492577 0.004883 0.005302
1 0.075684 0.847296 0.010742 0.012725
1 0.093262 0.868505 0.010742 0.016967
1 0.010254 0.806469 0.018555 0.015907
1 0.174805 0.709438 0.017578 0.006363
1 0.298340 0.682927 0.010742 0.016967
1 0.388184 0.666490 0.006836 0.011665
1 0.431641 0.792153 0.033203 0.019088
1 0.566895 0.802227 0.008789 0.009544
1 0.555176 0.780488 0.012695 0.006363
1 0.500977 0.918876 0.005859 0.007423
1 0.608887 0.894486 0.004883 0.007423
1 0.239258 0.899788 0.007812 0.022269
1 0.098145 0.916225 0.006836 0.019088
1 0.923340 0.585366 0.020508 0.023330
1 0.959473 0.613998 0.010742 0.014846
1 0.983887 0.627784 0.010742 0.016967
1 0.760254 0.659067 0.022461 0.024390
1 0.750000 0.603924 0.015625 0.024390
1 0.704590 0.689290 0.020508 0.014846
1 0.636719 0.659597 0.011719 0.006363
1 0.777344 0.763521 0.023438 0.014846
1 0.786133 0.887593 0.011719 0.006363
1 0.770508 0.889714 0.013672 0.010604
1 0.150879 0.599152 0.022461 0.019088
1 0.115723 0.613468 0.012695 0.007423
1 0.036133 0.394486 0.013672 0.016967
1 0.131836 0.451220 0.015625 0.009544
1 0.183594 0.459173 0.005859 0.016967
1 0.183594 0.489396 0.007812 0.018028
1 0.513672 0.501591 0.007812 0.019088
1 0.431641 0.397137 0.007812 0.005302
1 0.350098 0.485154 0.010742 0.011665
1 0.315918 0.509014 0.008789 0.019088
1 0.341309 0.094910 0.016602 0.005302
0 0.177246 0.262990 0.034180 0.042418
0 0.290527 0.268823 0.018555 0.013786
0 0.093262 0.132025 0.045898 0.041357
0 0.390137 0.039236 0.040039 0.044539
0 0.170410 0.020148 0.010742 0.031813
0 0.013672 0.224814 0.025391 0.040297
0 0.531250 0.174443 0.027344 0.028632
0 0.502930 0.272534 0.015625 0.044539
0 0.161621 0.443796 0.047852 0.011665
0 0.310547 0.470838 0.029297 0.025451
0 0.320801 0.488865 0.012695 0.019088
1 0.321289 0.476140 0.005859 0.008484
0 0.417480 0.549311 0.026367 0.016967
0 0.419434 0.402439 0.041992 0.018028
0 0.443848 0.398197 0.018555 0.011665
0 0.341309 0.481972 0.008789 0.020148
0 0.026855 0.803287 0.016602 0.024390
0 0.052246 0.829799 0.041992 0.028632
0 0.268066 0.810710 0.028320 0.022269
0 0.137207 0.677094 0.040039 0.028632
0 0.093262 0.930541 0.010742 0.013786
0 0.208984 0.913043 0.031250 0.027572
0 0.504883 0.927890 0.029297 0.019088
0 0.457031 0.811241 0.021484 0.025451
0 0.595703 0.888653 0.023438 0.023330
0 0.679199 0.714210 0.034180 0.041357
0 0.792969 0.878049 0.017578 0.025451
0 0.770020 0.861612 0.038086 0.054083
0 0.767090 0.788971 0.008789 0.040297
0 0.744629 0.764051 0.034180 0.011665
0 0.751953 0.785260 0.015625 0.030753
0 0.331543 0.706787 0.030273 0.020148
0 0.280762 0.667020 0.026367 0.016967
0 0.638672 0.073171 0.017578 0.031813
0 0.874023 0.195652 0.021484 0.030753
0 0.650879 0.496819 0.018555 0.030753
0 0.656250 0.505832 0.017578 0.046660
0 0.660156 0.658006 0.035156 0.015907
0 0.733887 0.450689 0.016602 0.040297
0 0.790527 0.437434 0.034180 0.041357
1 0.795898 0.431071 0.005859 0.005302
0 0.925293 0.592259 0.028320 0.026511
0 0.975098 0.542948 0.016602 0.014846
0 0.962402 0.495228 0.012695 0.014846
0 0.865723 0.074231 0.014648 0.044539
1 0.205566 0.299046 0.008789 0.008484
0 0.097168 0.607105 0.026367 0.024390
0 0.840820 0.562566 0.013672 0.051962
0 0.745605 0.629905 0.016602 0.031813
0 0.952148 0.007953 0.035156 0.013786
1 0.493164 0.341994 0.019531 0.009544
1 0.876953 0.555673 0.015625 0.012725
1 0.867676 0.553552 0.004883 0.016967
