0 0.16706953846153838 0.917066048076923 0.1850978461538461 0.1514421730769232
1 0.16706953846153844 0.8197103653846154 0.1706732307692307 0.057690745192307546
0 0.41466584615384616 0.6826942788461539 0.16586338461538475 0.057690745192307546
0 0.1370190769230769 0.23557626923076924 0.18269046153846155 0.1634608894230769
0 0.3125021538461539 0.10576869230769237 0.057693538461538685 0.12019169711538465
1 0.3100947692307692 0.16586680769230772 0.12500184615384644 0.05769074519230766
0 0.40264369230769226 0.26322249038461537 0.13220923076923058 0.06490378846153846
2 0.49879630769230776 0.23918052403846154 0.07452061538461513 0.06009811538461535
0 0.6045686153846154 0.16105660096153845 0.15144369230769206 0.11057581730769245
0 0.6165858461538463 0.2271618076923077 0.18509784615384617 0.11778886057692306
0 0.4014424615384614 0.38701844230769233 0.15865600000000002 0.14903933653846163
2 0.40264369230769226 0.3233160721153847 0.026441846153846205 0.0841355480769232
1 0.3569723076923078 0.372596889423077 0.040866461538461574 0.05288507211538457
1 0.3870178461538461 0.31610756249999994 0.062498461538461614 0.06009811538461535
0 0.6935089230769231 0.46273952884615377 0.09856000000000009 0.08894122115384628
0 0.8437513846153847 0.354566548076923 0.12500184615384646 0.28124974999999997
