0 0.1370190769230769 0.7355762692307692 0.18269046153846155 0.1634608894230769
0 0.3125021538461539 0.6057686923076924 0.057693538461538685 0.12019169711538469
1 0.3100947692307692 0.6658668076923078 0.12500184615384644 0.05769074519230777
0 0.40264369230769226 0.7632224903846154 0.13220923076923058 0.06490378846153855
2 0.49879630769230776 0.7391805240384616 0.07452061538461513 0.0600981153846154
0 0.6045686153846154 0.6610566009615384 0.15144369230769206 0.11057581730769239
0 0.6165858461538463 0.7271618076923076 0.18509784615384617 0.11778886057692295
0 0.4014424615384614 0.8870184423076923 0.15865600000000002 0.1490393365384617
2 0.40264369230769226 0.8233160721153847 0.026441846153846205 0.08413554807692325
1 0.3569723076923078 0.8725968894230769 0.040866461538461574 0.05288507211538451
1 0.3870178461538461 0.8161075625 0.062498461538461614 0.06009811538461529
0 0.6935089230769231 0.9591344591346154 0.09856000000000009 0.08173108173076937
0 0.8437513846153847 0.854566548076923 0.12500184615384646 0.28124974999999997
