2 0.30648861538461536 0.0036055661057690603 0.08894030769230754 0.007211132211538121
0 0.15024000000000004 0.0072120877403844584 0.1322092307692308 0.014424175480768917
0 0.27764430769230763 0.03605859375000019 0.12259446153846143 0.07211718750000037
0 0.4387027692307693 0.0793256971153847 0.15624861538461532 0.06730662499999995
1 0.49519015384615384 0.03846143028846154 0.05288369230769213 0.07692286057692307
0 0.20673230769230766 0.30648895673076926 0.12500184615384616 0.05048223557692261
0 0.3353378461538461 0.31129916346153846 0.1418289230769229 0.05528790865384592
0 0.603364923076923 0.48798018749999983 0.10096246153846167 0.05288507211538507
1 0.6862990769230769 0.5204320817307688 0.06971076923076924 0.036056149038462215
4 0.9975950769230769 0.6778858798076923 0.0048098461538461645 0.10095993750000021
0 0.13101046153846163 0.9963944711538464 0.16586338461538466 0.007211057692307232
0 0.4170658461538462 0.9807680997596151 0.20913230769230784 0.038463800480769805
0 0.8798055384615384 0.945915495192308 0.1826904615384618 0.10336730769230718
1 0.7439926153846155 0.8942318413461536 0.12259446153846143 0.05288507211538451
