1 0.04927999999999995 0.009614994591346114 0.06009600000000011 0.01922998918269223
2 0.16466461538461535 0.1766826538461539 0.016827076923076806 0.026442536057692395
2 0.13822030769230764 0.15504805769230767 0.02644184615384622 0.012018716346153646
1 0.16105846153846148 0.14903869951923077 0.028846769230769315 0.06250095192307684
1 0.3762018461538461 0.4014430769230769 0.06009599999999987 0.02884537259615394
5 0.4038449230769232 0.4182697331730769 0.028846769230769287 0.028845372596154217
1 0.787259076923077 0.10336440384615386 0.05048123076923072 0.05288507211538457
2 0.7584123076923076 0.07211619471153854 0.02644184615384626 0.019231759615384716
1 0.5961550769230768 0.5673068028846153 0.08173046153846175 0.1057701442307688
1 0.5528836923076922 0.7848564495192307 0.0625009230769229 0.05047996875000005
1 0.31490461538461534 0.5288455504807692 0.08173046153846175 0.03365331249999992
1 0.8064910769230769 0.6394236346153845 0.02644184615384615 0.06730662499999995
1 0.787259076923077 0.6574517091346153 0.02644184615384626 0.04567202884615407
2 0.7704320000000001 0.6382222163461536 0.031249230769230474 0.02163459615384622
2 0.6153846153846154 0.7475966153846153 0.08653784615384608 0.052885072115384624
2 0.246395076923077 0.5204333557692308 0.06490338461538472 0.026442536057692534
2 0.5408664615384615 0.5036066995192309 0.038461538461538436 0.04567202884615379
2 0.30889353846153855 0.8533644927884615 0.06971076923076897 0.024037432692307847
1 0.25961600000000007 0.8810107139423076 0.04807630769230761 0.05528790865384592
