0 0.10336492307692302 0.00721136177884619 0.10096246153846167 0.01442272355769238
1 0.18629907692307685 0.02043208173076886 0.06971076923076927 0.03605614903846216
4 0.5336516923076923 0.17788587980769238 0.07692307692307687 0.10095993750000024
1 0.07452061538461544 0.6189922644230771 0.12980676923076936 0.09375142788461455
0 0.010816000000000022 0.531247927884615 0.021632000000000044 0.1394234567307694
0 0.3798055384615384 0.445915495192308 0.18269046153846186 0.10336730769230723
1 0.24399261538461547 0.39423184134615363 0.12259446153846143 0.05288507211538457
0 0.6286080000000001 0.41466501923076937 0.09375015384615393 0.15144217307692287
0 0.9459150769230769 0.6418282788461538 0.07932553846153867 0.07692250480769214
1 0.9843753846153848 0.6923059807692304 0.031249230769230474 0.048074865384615695
2 0.9531273846153846 0.6959147692307692 0.04086646153846152 0.060098115384614736
0 0.8978363076923077 0.7295680817307691 0.0985600000000002 0.04086635576923103
1 0.8641821538461538 0.7199522019230771 0.04567138461538445 0.036056149038462215
