0 0.1274043076923078 0.07451966826923077 0.06730830769230771 0.05769301201923078
1 0.08413538461538458 0.03725983413461538 0.038461538461538464 0.021634596153846147
0 0.973558153846154 0.24759643750000002 0.05288369230769219 0.06730662500000001
0 0.7980775384615386 0.911058141826923 0.06250092307692301 0.04807713221153864
0 0.7728369230769232 0.47235686057692305 0.02163446153846138 0.12259680048076915
0 0.712740923076923 0.39423067067307693 0.036056615384615354 0.10577014423076914
0 0.12620307692307686 0.5264433509615385 0.07451815384615382 0.04326919230769233
0 0.09375015384615387 0.6959135985576923 0.08173046153846149 0.05047996874999994
3 0.3713944615384615 0.7500000889423077 0.08894276923076916 0.038461252403846125
1 0.12379815384615382 0.48918351682692307 0.021634461538461575 0.060095848557692344
1 0.17307815384615388 0.48557699519230774 0.028846769230769342 0.04326919230769233
1 0.43028923076923076 0.7283654927884615 0.04326892307692304 0.04807713221153853
