0 0.9603372307692309 0.3293264230769227 0.07932553846153811 0.15384500961538422
0 0.9603372307692309 0.671875706730769 0.07932553846153811 0.18990569230769194
1 0.8365390769230769 0.8161048365384618 0.20192492307692278 0.12259453365384643
1 0.915867076923077 0.4338951490384614 0.168265846153846 0.10817298076923104
0 0.6718769230769231 0.3569726442307693 0.08413538461538494 0.07451966826923129
0 0.7668283076923075 0.38822312019230787 0.1298067692307694 0.06009811538461535
0 0.4338953846153844 0.4759629230769231 0.1658633846153842 0.15865521634615476
0 0.5576910769230767 0.5072133990384617 0.07211323076923071 0.09134405769230747
1 0.36297846153846136 0.6502411105769229 0.1634609230769235 0.25721231730769256
1 0.5649033846153846 0.3269235865384616 0.024039384615384463 0.06250095192307725
2 0.34374892307692306 0.3677899423076924 0.08173292307692315 0.07692250480769214
2 0.4350966153846153 0.22475769711538454 0.03365415384615417 0.06009811538461479
1 0.39543138461538463 0.24038520192307736 0.02163692307692272 0.04807486538461564
1 0.3677883076923075 0.16586553365384632 0.08653784615384663 0.11057581730769182
2 0.3906264615384617 0.14423093750000013 0.10817476923076935 0.0432691923076924
2 0.37620184615384633 0.061296807692307616 0.11297969230769284 0.055287908653845905
1 0.007212307692307663 0.28846006730769247 0.014424615384615326 0.10577014423076966
1 0.19951753846153836 0.21273898076923076 0.2163446153846149 0.05048223557692266
1 0.28966399999999976 0.1742799951923078 0.03605661538461591 0.06970946153846186
1 0.3209156923076921 0.2536053365384613 0.06009600000000037 0.07451966826923076
0 0.05048000000000003 0.2187506057692309 0.10096000000000006 0.12500190384615342
0 0.15745230769230753 0.0769243124999999 0.31490461538461506 0.12500190384615398
0 0.45192369230769236 0.1105776249999996 0.08173292307692309 0.2067300817307688
0 0.3197095384615386 0.3028861538461538 0.24999876923076905 0.07692250480769208
0 0.5168246153846152 0.3822114951923075 0.16346092307692356 0.06250095192307725
0 0.6334129230769234 0.26682547115384625 0.22355692307692288 0.10577014423076966
2 0.9795679999999999 0.7499990444711537 0.040864000000000233 0.5000019110576926
3 0.9326941538461538 0.9819713774038459 0.13461169230769232 0.03605724519230824
0 0.18509784615384625 0.9951926454326921 0.12500184615384585 0.009614709134615707
