3 0.48918153846153845 0.1021642079326922 0.10817476923076913 0.2043284158653844
3 0.5805292307692308 0.3870187980769231 0.2812504615384615 0.1971142019230766
2 0.4687507692307692 0.3221150096153845 0.024039384615384574 0.2307675144230774
0 0.2512 0.6490367884615383 0.2572110769230769 0.0961542644230775
2 0.4194707692307692 0.5709128653846153 0.09856000000000004 0.18509548557692312
1 0.16827076923076922 0.7115377403846159 0.10096246153846153 0.07211683173076888
0 0.7896615384615384 0.13341241706730747 0.12259446153846143 0.26682483413461494
0 0.9134621538461538 0.08413386658653857 0.10096246153846167 0.16826773317307714
0 0.8088960000000001 0.3389439326923077 0.13701907692307702 0.2740367067307693
3 0.9387015384615385 0.6814886826923074 0.12259692307692305 0.11778886057692317
2 0.825723076923077 0.5264422548076921 0.10336492307692313 0.22596184134615416
1 0.6850953846153847 0.16466121153846175 0.16346092307692306 0.07451966826923129
2 0.7944713846153846 0.28365602403846124 0.036056615384615354 0.12980757692307668
