3 0.8257218461538463 0.8557684627403845 0.3485563076923076 0.28846307451923103
0 0.5576935384615384 0.40024038461538464 0.1153870769230767 0.2764440769230768
1 0.7259593846153846 0.32451929807692315 0.2451938461538461 0.05288507211538457
0 0.2752418461538463 0.5504811394230771 0.21875199999999984 0.10095993750000032
2 0.4651446153846155 0.5036076923076924 0.1706732307692309 0.045672028846153234
1 0.3942326153846154 0.18870009615384611 0.24038399999999993 0.09375142788461505
1 0.4158646153846154 0.9807703665865385 0.46153846153846156 0.03845926682692302
3 0.11538461538461538 0.8653832091346154 0.20192492307692278 0.2692335817307693
0 0.02764430769230777 0.9783652632211537 0.05528861538461554 0.043269473557692506
1 0.13581538461538456 0.9591335036057694 0.20432738461538455 0.08173299278846113
1 0.08533538461538466 0.7379794615384616 0.17067076923076932 0.05769074519230777
