0 0.4290855384615385 0.0012022331730768916 0.06490584615384604 0.0024044663461537832
0 0.4278843076923077 0.07211392788461543 0.06730830769230778 0.1250019038461538
0 0.2499987692307693 0.3125018557692307 0.08653784615384605 0.20673008173076948
2 0.1923052307692307 0.3076916490384616 0.07211323076923076 0.05288507211538457
0 0.12139323076923084 0.27523975480769236 0.06490584615384604 0.09375142788461549
0 0.31490461538461534 0.12379758173076925 0.09134769230769224 0.18028981250000015
1 0.3064910769230768 0.45432814903846147 0.09375015384615404 0.10577014423076914
1 0.3786043076923076 0.41466321153846153 0.23317169230769252 0.040866355769230756
2 0.4350966153846153 0.2968743509615385 0.33653661538461566 0.23317488461538483
1 0.4483150769230769 0.21394022115384617 0.050481230769231 0.15865521634615382
0 0.6959113846153844 0.18148832692307698 0.18509784615384628 0.10336730769230762
1 0.913462153846154 0.12379758173076919 0.15384615384615385 0.06009811538461522
0 0.9747606153846156 0.17427981730769238 0.05047876923076877 0.13221041346153845
1 0.8509636923076923 0.24158644230769236 0.10096246153846145 0.06490378846153849
1 0.9290880000000001 0.24639211538461542 0.06490584615384654 0.06009811538461565
0 0.9975975384615385 0.4026444951923078 0.004804923076922929 0.25240211057692313
1 0.9939901538461539 0.5504824134615385 0.012019692307692287 0.08653838461538454
0 0.1165883076923076 0.7391821538461538 0.15144369230769208 0.12740474038461524
0 0.018028307692307684 0.6670653221153847 0.03605661538461537 0.09855710096153825
