0 0.9170658461538463 0.16706532211538472 0.16586830769230743 0.09855710096153832
0 0.21514338461538454 0.11418242788461537 0.35336369230769216 0.22836485576923074
0 0.27764184615384613 0.32331770192307674 0.18028800000000006 0.14663650000000017
1 0.33653661538461543 0.21874897596153847 0.06249846153846156 0.11538602403846157
1 0.06129723076923072 0.2920672259615384 0.1129796923076923 0.08413554807692292
2 0.2704344615384614 0.5360594086538463 0.18028800000000006 0.08173271153846179
2 0.31850830769230776 0.46634541346153846 0.06490584615384604 0.2067300817307694
0 0.15144369230769236 0.4771627115384615 0.06730830769230778 0.14663650000000017
0 0.04567384615384613 0.43389351923076924 0.09134769230769225 0.09855710096153802
0 0.19951753846153858 0.27283546634615397 0.22595938461538473 0.24759643750000007
0 0.42428061538461526 0.6382207644230771 0.12740430769230765 0.12740474038461524
0 0.2920664615384615 0.941105110576923 0.07932553846153867 0.06009811538461507
2 0.5000024615384616 0.962739706730769 0.3750006153846155 0.04086635576923103
