3 0.9711544615384616 0.9795662740384616 0.057691076923076734 0.040867451923076614
3 0.7415876923076921 0.7896645673076923 0.29567507692307726 0.25721231730769245
0 0.6033673846153844 0.8882199495192308 0.15865600000000002 0.22356010096153844
0 0.12259446153846144 0.42908494230769223 0.08173292307692312 0.18509548557692262
3 0.06850830769230772 0.5456723846153845 0.13701661538461543 0.11538602403846127
4 0.38341415384615374 0.8281235528846155 0.08413538461538483 0.09375142788461499
1 0.45672861538461534 0.9338936971153844 0.10576738461538493 0.10336730769230729
1 0.33894400000000013 0.700723346153846 0.05769353846153863 0.13221041346153795
1 0.12259446153846144 0.9459129615384617 0.24038400000000046 0.10817407692307657
2 0.12379815384615366 0.9663472728365385 0.2475963076923073 0.06730545432692303
3 0.012018461538461568 0.859374576923077 0.024036923076923136 0.2812508461538462
3 0.04086523076923088 0.7211519903846154 0.08173046153846177 0.13942345673076928
1 0.20071876923076926 0.5588925192307689 0.14663384615384592 0.026440269230769475
4 0.10216369230769227 0.6826930048076919 0.10336492307692316 0.052885072115384624
