3 0.12259569230769224 0.6814886826923074 0.24519138461538448 0.11778886057692317
3 0.27884800000000004 0.6117792211538463 0.3461513846153847 0.16105805288461505
1 0.10817476923076919 0.597357668269231 0.05288369230769217 0.12740474038461536
1 0.22956799999999997 0.518027793269231 0.11778953846153833 0.16105805288461555
0 0.46394092307692303 0.6069690144230772 0.19711507692307717 0.15144217307692287
0 0.5745181538461539 0.45312400480769266 0.22115446153846163 0.08894122115384562
0 0.7596160000000001 0.3846159615384617 0.192305230769231 0.05769074519230777
0 0.8377403076923076 0.3004804134615383 0.21875199999999995 0.08653838461538482
0 0.7331741538461538 0.6826901009615386 0.14423138461538476 0.12019169711538447
0 0.8990375384615383 0.7223550384615387 0.1298067692307694 0.05528790865384592
2 0.7944713846153846 0.5372595528846156 0.1081747692307693 0.26682819711538525
2 0.6249993846153845 0.4519225865384614 0.3413464615384613 0.20673008173076884
0 0.9783667692307693 0.2932673701923075 0.043266461538461476 0.0913440576923075
2 0.8954338461538462 0.17547850961538486 0.05048123076923061 0.1586552163461531
3 0.9278843076923078 0.048077717548076965 0.14423138461538443 0.09615543509615393
