2 0.3581710769230769 0.7668267451923076 0.44230892307692304 0.44230780288461535
2 0.33894153846153846 0.6526435913461539 0.18750030769230772 0.6947128173076923
4 0.2788455384615385 0.2235590048076923 0.09615261538461545 0.14422912980769229
0 0.6670695384615385 0.44350922115384617 0.1995175384615384 0.20432724519230777
0 0.6754830769230769 0.23557772115384618 0.2355790769230769 0.1201916971153846
2 0.7091323076923076 0.3161044807692307 0.04326892307692298 0.09855710096153852
2 0.783652923076923 0.27884691346153845 0.2884627692307693 0.3461535384615384
2 0.7992787692307691 0.15624784615384615 0.09375015384615404 0.11538602403846153
2 0.89904 0.09975851923076923 0.08173292307692304 0.02644026923076921
0 0.8076923076923077 0.05168365384615385 0.10576738461538437 0.09855710096153847
0 0.2920689230769231 0.07211683173076923 0.07932553846153839 0.13942345673076922
2 0.2716332307692307 0.10817298076923076 0.05288369230769216 0.1201916971153846
1 0.9471138461538462 0.4807713221153846 0.06730830769230778 0.7067286298076922
