1 0.9783643076923076 0.8545652740384613 0.0432713846153846 0.10336730769230729
1 0.8786043076923076 0.9314923125000003 0.0985600000000002 0.04086635576923103
2 0.8978387692307693 0.8449539278846154 0.05048123076923061 0.0937514278846151
3 0.8882190769230769 0.659853908653846 0.07932553846153867 0.3004815096153849
3 0.6346166153846152 0.6802870865384617 0.4423089230769232 0.1250019038461534
0 0.362980923076923 0.6911043846153846 0.08653784615384608 0.10817298076923043
1 0.6574498461538462 0.7127389807692308 0.07452061538461519 0.06009811538461529
1 0.5913476923076922 0.6826944567307689 0.057693538461538685 0.06730662499999995
2 0.6706732307692307 0.5805285673076922 0.27403815384615404 0.18990569230769144
2 0.5733193846153846 0.5624982259615383 0.07932553846153878 0.12019169711538402
2 0.37499815384615387 0.6105776249999999 0.03845907692307715 0.07692250480769214
2 0.47355815384615374 0.5781257307692305 0.06730830769230772 0.05528790865384592
0 0.4338929230769231 0.5180276153846156 0.22836676923076904 0.1225945336538467
1 0.30648861538461547 0.48918450961538473 0.06490584615384604 0.10817298076923049
2 0.4038473846153845 0.45432524519230755 0.024039384615384463 0.11057581730769184
1 0.3449526153846153 0.27403996634615374 0.09856000000000015 0.1250019038461537
1 0.35456738461538473 0.37019423076923097 0.09375015384615398 0.043269192307692106
0 0.4519212307692308 0.3713956490384615 0.15384615384615385 0.18509548557692257
1 0.9531249230769232 0.7067318894230767 0.0937501538461537 0.06250095192307781
1 0.947115076923077 0.6466337740384618 0.10576984615384621 0.11538602403846232
1 0.007211076923076995 0.46514254326923055 0.01442215384615399 0.09375142788461482
