2 0.020433230769230776 0.7079345817307692 0.04086646153846155 0.14663649999999995
2 0.025240615384615347 0.6850940336538462 0.050481230769230695 0.11538602403846154
0 0.24278646153846167 0.7187518798076924 0.12019199999999966 0.11538602403846154
2 0.12259446153846143 0.7127402548076922 0.10096246153846139 0.0600981153846154
0 0.009616000000000086 0.9951917415865384 0.019232000000000173 0.009616516826923105
0 0.049279999999999824 0.8389435769230769 0.0504812307692307 0.21154028846153838
2 0.6069710769230772 0.8713954711538461 0.01682707692307661 0.08413554807692303
2 0.6213956923076924 0.8737983076923077 0.02644184615384626 0.06490378846153833
0 0.5877415384615383 0.9483171610576924 0.1322092307692312 0.10336567788461537
0 0.6718769230769231 0.8197118173076923 0.15624861538461565 0.08653838461538454
3 0.36898953846153837 0.19591278365384612 0.10817476923076935 0.38701989423076916
5 0.5540873846153846 0.2271632596153846 0.15144369230769206 0.08413554807692308
0 0.6850953846153844 0.3581722548076923 0.1442313846153841 0.1826926490384615
5 0.8353378461538461 0.5468765288461539 0.10336492307692313 0.2716338701923078
0 0.7391803076923077 0.6887028221153846 0.06490584615384654 0.16586372596153842
1 0.7199507692307694 0.967548920673077 0.10336492307692313 0.06490215865384619
1 0.48798030769230777 0.7800468798076923 0.2403840000000005 0.09855710096153847
0 0.8906239999999997 0.06970946153846154 0.06009600000000037 0.13461325
