0 0.048076307692307606 0.531250831730769 0.09615261538461521 0.057690745192308324
0 0.9254818461538461 0.4759629230769231 0.1490363076923077 0.15865521634615476
1 0.8629784615384614 0.6502411105769229 0.1634609230769235 0.25721231730769256
2 0.8437489230769231 0.3677899423076924 0.08173292307692304 0.07692250480769214
2 0.9350966153846153 0.22475769711538454 0.03365415384615411 0.06009811538461479
1 0.8954313846153846 0.24038520192307736 0.021636923076922665 0.04807486538461564
1 0.8677883076923075 0.16586553365384632 0.08653784615384663 0.11057581730769182
2 0.8906264615384617 0.14423093750000013 0.1081747692307693 0.0432691923076924
2 0.8762018461538463 0.061296807692307616 0.11297969230769289 0.055287908653845905
2 0.3978363076923077 0.04086362980769237 0.14182892307692346 0.043269192307692404
1 0.33413661538461525 0.28846006730769247 0.3605760000000002 0.10577014423076966
1 0.6995175384615384 0.21273898076923076 0.2163446153846148 0.05048223557692266
1 0.7896639999999997 0.1742799951923078 0.03605661538461591 0.06970946153846186
1 0.8209156923076921 0.2536053365384613 0.06009600000000037 0.07451966826923076
4 0.30768984615384637 0.0480780360576925 0.0913476923076928 0.096156072115385
0 0.30648861538461547 0.0769234086538464 0.17548307692307658 0.1538468173076928
0 0.5024024615384617 0.2187506057692309 0.19711507692307662 0.12500190384615342
0 0.641828923076923 0.0769243124999999 0.3461513846153843 0.12500190384615398
0 0.9519236923076924 0.1105776249999996 0.08173292307692315 0.2067300817307688
0 0.8197095384615386 0.3028861538461538 0.24999876923076902 0.07692250480769208
0 0.9675470769230767 0.3822114951923075 0.06490584615384654 0.06250095192307725
0 0.6850978461538462 0.9951926454326921 0.1250018461538459 0.009614709134615707
0 0.1935089230769232 0.9951926454326925 0.1466338461538459 0.009614709134615151
