1 0.6971175384615385 0.008413098557692131 0.12019199999999974 0.016826197115384262
0 0.8016836923076925 0.014423590144230704 0.1081747692307693 0.028847180288461408
2 0.750001230769231 0.1610598605769228 0.03365415384615422 0.05769074519230835
1 0.6382227692307689 0.08654019230769258 0.10336492307692324 0.06250095192307725
1 0.6334129230769234 0.24398945673076938 0.09375015384615348 0.026440269230770003
0 0.7019224615384614 0.12860796634615376 0.05288369230769241 0.06009811538461479
0 0.8161033846153847 0.07451943870192324 0.146633846153846 0.14903887740384647
0 0.6850953846153844 0.25120250000000016 0.1250018461538459 0.18990569230769203
1 0.7307716923076921 0.3137034519230769 0.11538707692307726 0.045672028846153234
2 0.4278843076923077 0.4471152836538461 0.11057723076923054 0.033653312500000254
2 0.21754584615384606 0.4182676442307691 0.1514436923076921 0.03846351923076913
0 0.3545649230769231 0.4110591346153848 0.16105846153846176 0.11057581730769184
0 0.5288467692307692 0.42548068750000023 0.15865600000000002 0.2019244086538466
2 0.06369969230769221 0.7103346923076923 0.04567138461538452 0.09375142788461499
1 0.02403938461538461 0.7319692884615383 0.04807876923076922 0.09375142788461444
0 0.13100799999999999 0.8557697740384618 0.15144369230769208 0.22115163461538467
2 0.04447138461538458 0.5540868461538462 0.08894276923076916 0.15144217307692287
2 0.038459076923076846 0.3317292596153846 0.03365415384615361 0.05288507211538512
0 0.0949513846153846 0.6418266490384614 0.13220923076923058 0.11538602403846121
0 0.23076923076923078 0.5649041442307694 0.1394215384615385 0.09615426442307695
