1 0.06730707692307683 0.14422930769230768 0.13461415384615366 0.06730662500000023
5 0.4038449230769229 0.41706912980769223 0.0913476923076928 0.14182629326923046
0 0.431488 0.5216333221153846 0.08413538461538489 0.07692250480769208
1 0.496393846153846 0.3762027740384616 0.1274043076923076 0.05048223557692322
0 0.8617796923076924 0.2656269567307692 0.12259446153846154 0.09855710096153833
2 0.3978387692307691 0.9627410697115385 0.18028800000000006 0.074517860576923
1 0.7391803076923077 0.9362985336538461 0.3677883076923081 0.12740293269230785
1 0.6586535384615386 0.9206719326923078 0.1105772307692311 0.12980757692307732
2 0.40625230769230786 0.9266815204326921 0.15384615384615385 0.14663695913461572
0 0.5204332307692305 0.9038475432692307 0.05528615384615426 0.18749832211538475
0 0.5552886153846155 0.9927878605769233 0.12019199999999974 0.014424278846153493
