0 0.18389661538461538 0.08654001442307696 0.2427864615384615 0.12019169711538452
0 0.2439926153846154 0.24158644230769227 0.1322092307692308 0.17547960576923094
1 0.2608196923076923 0.3269234086538463 0.08413538461538461 0.08653838461538454
1 0.3281230769230769 0.2884598894230769 0.17067323076923077 0.024037432692307792
0 0.4567286153846154 0.18990278846153852 0.08173292307692309 0.09134405769230777
2 0.37740307692307695 0.13461487980769235 0.13461661538461545 0.028847639423077
0 0.6814916923076924 0.1310106249999999 0.1514436923076924 0.2620179903846152
2 0.5769255384615385 0.1478350144230769 0.15384615384615397 0.06490378846153846
1 0.6490387692307693 0.31009448557692304 0.12500184615384613 0.1346132500000002
0 0.8149021538461538 0.7367793173076922 0.11538707692307704 0.21394312499999957
1 0.7343753846153847 0.5853371442307692 0.09855999999999987 0.0889412211538465
1 0.918267076923077 0.8762027740384615 0.10576738461538471 0.08413554807692292
1 0.8149021538461538 0.26442245673076925 0.23076923076923073 0.10095993749999993
2 0.7824541538461538 0.20913454807692305 0.08894030769230754 0.038463519230769544
1 0.8365390769230769 0.08894285096153845 0.07211323076923082 0.09615426442307695
2 0.8389415384615384 0.0841340961538461 0.18750030769230774 0.1682681923076922
