0 0.47716430769230767 0.03966493749999999 0.22836676923076915 0.06970946153846153
0 0.2512 0.02043317788461538 0.09375015384615387 0.036056149038461535
2 0.5120196923076923 0.08533696634615384 0.038459076923076985 0.07932534134615385
2 0.5516849230769231 0.09855710096153847 0.026441846153846038 0.052885072115384624
1 0.8016836923076922 0.18269264903846152 0.3822129230769231 0.24519360096153844
1 0.7019224615384616 0.34014644711538455 0.4326941538461538 0.1370206201923077
0 0.46754953846153846 0.37139238942307695 0.12740430769230765 0.16586372596153848
0 0.5240369230769231 0.19711420192307696 0.08173292307692309 0.16827109615384622
0 0.9867790769230769 0.6346163317307693 0.02644184615384626 0.1490393365384617
1 0.34014523076923076 0.8557679663461539 0.04567138461538467 0.15865521634615398
1 0.4783655384615385 0.8737983076923077 0.11057723076923082 0.09375142788461532
1 0.7067323076923077 0.9879798317307692 0.1057673846153846 0.024040336538461604
0 0.5865403076923077 0.9831730252403846 0.13461661538461545 0.03365394951923073
0 0.4483150769230769 0.9615395625000001 0.14182892307692313 0.076920875
0 0.25600984615384614 0.9411049326923075 0.21394215384615387 0.10817298076923076
0 0.13100799999999999 0.8329319519230769 0.12259446153846153 0.07932534134615377
