0 0.10336615384615382 0.7932673701923074 0.20673230769230763 0.09134405769230758
3 0.05528861538461541 0.44110674038461517 0.11057723076923082 0.3100973894230777
0 0.1971150769230769 0.20552901923076933 0.24038399999999993 0.07932534134615402
2 0.20071876923076926 0.28966456730769224 0.2091323076923075 0.10336730769230718
1 0.48918153846153867 0.5516825576923075 0.4591359999999998 0.30048150961538495
3 0.7223581538461539 0.5925489134615383 0.06971076923076902 0.4831741586538467
0 0.590144 0.21394348076923053 0.24278646153846112 0.1971142019230766
1 0.4326941538461537 0.05889460817307679 0.07692307692307665 0.11778921634615358
2 0.6862966153846153 0.06370254807692313 0.3485587692307698 0.12740509615384626
0 0.8822104615384615 0.3533669374999999 0.235579076923077 0.11538602403846182
1 0.8713932307692308 0.8798070288461539 0.2572135384615384 0.24038594230769228
1 0.8137009230769229 0.6394223605769236 0.1274043076923077 0.048074865384615584
1 0.8341366153846153 0.542066677884615 0.13942153846153804 0.06970946153846191
