2 0.05168246153846157 0.2968743509615385 0.10336492307692315 0.23317488461538483
0 0.19591138461538438 0.18148832692307698 0.18509784615384625 0.10336730769230762
1 0.4134621538461539 0.12379758173076919 0.15384615384615385 0.06009811538461522
0 0.4963963076923079 0.17427981730769238 0.09375015384615343 0.13221041346153845
0 0.5769230769230769 0.07211392788461538 0.12019199999999974 0.10095993749999993
0 0.558894769230769 0.027644769230769237 0.11297969230769289 0.05528953846153847
1 0.6490363076923076 0.01802888942307695 0.08173292307692315 0.0360577788461539
1 0.615382153846154 0.18509711538461543 0.12019199999999963 0.09615426442307698
1 0.3509636923076923 0.24158644230769236 0.10096246153846139 0.06490378846153849
1 0.42908800000000014 0.24639211538461542 0.06490584615384654 0.06009811538461565
0 0.564905846153846 0.4026444951923078 0.13942153846153799 0.25240211057692313
1 0.7091323076923075 0.6418264711538464 0.10576738461538482 0.038463519230769516
1 0.5516824615384616 0.5504824134615385 0.12740430769230765 0.08653838461538454
2 0.6201920000000003 0.558892341346154 0.03365415384615422 0.06970946153846125
1 0.6887015384615383 0.5564895048076922 0.07932553846153867 0.07932534134615365
0 0.6310080000000002 0.6538451875 0.06009600000000037 0.13942345673076928
0 0.6430301538461538 0.7896643894230768 0.06490584615384654 0.13702062019230776
4 0.9050461538461538 0.22716488942307694 0.11297969230769278 0.09375142788461546
0 0.9374990769230768 0.3521622596153846 0.12500184615384646 0.19471136538461525
2 0.8317304615384615 0.7103345144230768 0.33653907692307705 0.1610580528846155
