2 0.18990400000000016 0.02523943629807672 0.3798080000000003 0.05047887259615344
2 0.4170683076923079 0.028845957932692394 0.28605538461538493 0.05769191586538479
2 0.03365538461538456 0.2127406105769233 0.06731076923076912 0.09375142788461505
1 0.23918276923076903 0.4723557644230769 0.47836553846153806 0.25240211057692363
3 0.028846769230769044 0.1105775360576924 0.05769353846153809 0.2211550721153848
0 0.09254892307692314 0.254808384615385 0.07932553846153868 0.12019169711538452
0 0.3822129230769229 0.09975742307692315 0.22595938461538462 0.0649037884615386
0 0.4519236923076924 0.18028871634615373 0.24519384615384665 0.23557772115384631
0 0.3798055384615384 0.3197121730769234 0.27403815384615354 0.12980757692307665
0 0.8329304615384617 0.08894180649038465 0.06490584615384654 0.1778836129807693
0 0.8774055384615386 0.0036059735576923382 0.0913476923076928 0.0072119471153846764
0 0.9002387692307694 0.08773870673076908 0.04567138461538456 0.1033673076923072
1 0.7680295384615383 0.18269155288461564 0.06490584615384654 0.0865383846153848
