0 0.1322116923076922 0.008414143028846141 0.13461661538461556 0.016828286057692283
0 0.9290855384615385 0.0012022331730768916 0.06490584615384609 0.0024044663461537832
0 0.9278843076923077 0.07211392788461543 0.06730830769230778 0.1250019038461538
0 0.7499987692307692 0.3125018557692307 0.08653784615384608 0.20673008173076948
2 0.6923052307692307 0.3076916490384616 0.07211323076923071 0.05288507211538457
0 0.6213932307692309 0.27523975480769236 0.06490584615384598 0.09375142788461549
0 0.8149046153846153 0.12379758173076925 0.09134769230769224 0.18028981250000015
1 0.8064910769230769 0.45432814903846147 0.09375015384615393 0.10577014423076914
1 0.8786043076923076 0.41466321153846153 0.23317169230769252 0.040866355769230756
2 0.8834141538461537 0.2968743509615385 0.23317169230769252 0.23317488461538483
1 0.948315076923077 0.21394022115384617 0.050481230769230945 0.15865521634615382
0 0.6165883076923075 0.7391821538461538 0.15144369230769217 0.12740474038461524
0 0.43509415384615396 0.6670653221153847 0.20192492307692278 0.09855710096153825
