2 0.020433230769230776 0.20793458173076926 0.04086646153846155 0.1466364999999999
2 0.025240615384615347 0.1850940336538462 0.050481230769230695 0.11538602403846152
0 0.24278646153846167 0.21875187980769234 0.12019199999999966 0.11538602403846154
2 0.12259446153846143 0.21274025480769224 0.10096246153846139 0.06009811538461535
0 0.009616000000000086 0.5612966298076922 0.019232000000000173 0.14182629326923069
0 0.049279999999999824 0.3389435769230769 0.0504812307692307 0.21154028846153836
1 0.01682584615384614 0.7644224567307693 0.03365169230769228 0.038463519230769405
1 0.07932553846153867 0.5528867019230769 0.11057723076923108 0.0817327115384614
2 0.6069710769230772 0.3713954711538461 0.01682707692307661 0.08413554807692303
2 0.6213956923076924 0.37379830769230765 0.02644184615384626 0.06490378846153833
0 0.5877415384615383 0.5060087211538462 0.1322092307692312 0.2187487980769231
0 0.6718769230769231 0.31971181730769227 0.15624861538461565 0.08653838461538454
5 0.8353378461538461 0.0913467319711539 0.10336492307692313 0.1826934639423078
0 0.7391803076923077 0.18870282211538458 0.06490584615384654 0.1658637259615384
1 0.5132209230769231 0.5240390625 0.07932553846153861 0.028847639423077
1 0.6610559999999999 0.5432708221153846 0.10576738461538493 0.04326919230769244
1 0.7199507692307694 0.4891843317307692 0.10336492307692313 0.10817298076923076
1 0.48798030769230777 0.2800468798076923 0.2403840000000005 0.09855710096153847
0 0.7343753846153848 0.8233191538461538 0.06490584615384654 0.18028981249999987
