2 0.6694720000000001 0.02523943629807672 0.4206720000000006 0.05047887259615344
2 0.8870203076923078 0.028845957932692394 0.22595938461538456 0.05769191586538479
2 0.39302646153846155 0.24158825000000006 0.15144369230769206 0.1754796057692304
2 0.5132233846153844 0.2127406105769233 0.1081747692307693 0.09375142788461505
1 0.6526449230769229 0.4723557644230769 0.6514412307692302 0.25240211057692363
0 0.2896615384615384 0.3389439326923077 0.06490584615384659 0.08173271153846157
3 0.4615409230769229 0.1105775360576924 0.19230523076923045 0.2211550721153848
0 0.5925489230769232 0.254808384615385 0.07932553846153867 0.12019169711538452
0 0.8822129230769229 0.09975742307692315 0.22595938461538456 0.0649037884615386
0 0.9146633846153845 0.18028871634615373 0.1706732307692309 0.23557772115384631
0 0.8713932307692308 0.3197121730769234 0.2572135384615384 0.12980757692307665
