3 0.8449513846153847 0.06009521153846153 0.3100972307692308 0.07211683173076927
0 0.9543261538461538 0.051683335336538475 0.09134769230769224 0.10336667067307695
3 0.7908652307692309 0.17187503245192312 0.2451938461538461 0.34375006490384624
3 0.20553107692307693 0.3713940192307691 0.3725981538461539 0.23317488461538471
0 0.532452923076923 0.4843772067307692 0.3437489230769231 0.17547960576923066
0 0.5120172307692308 0.6298077548076924 0.2499987692307693 0.0721168317307691
0 0.27524184615384617 0.8185074951923077 0.20913230769230778 0.1802898125000001
3 0.004808615384615377 0.675479783653846 0.009617230769230755 0.235577721153846
1 0.35576861538461546 0.34855800480769233 0.1778855384615386 0.10577014423076914
1 0.7620209230769233 0.0012022331730768916 0.19711507692307695 0.0024044663461537832
1 0.2632196923076923 0.5300492355769229 0.0985599999999999 0.2091329182692307
1 0.2632196923076923 0.6646624855769231 0.1418289230769232 0.1322104134615385
2 0.3425501538461538 0.18990424038461534 0.20432738461538455 0.3798084807692307
