0 0.9603372307692309 0.17187570673076907 0.07932553846153811 0.18990569230769203
1 0.8365390769230769 0.3161048365384617 0.20192492307692278 0.12259453365384643
0 0.4338953846153844 0.027645265625000255 0.1658633846153842 0.05529053125000051
0 0.5576910769230767 0.02644271394230776 0.07211323076923071 0.05288542788461552
1 0.36297846153846136 0.15024111057692288 0.1634609230769235 0.2572123173076925
2 0.9795679999999999 0.27523943629807673 0.040864000000000233 0.5504788725961535
2 0.8930264615384615 0.7415882500000001 0.15144369230769206 0.1754796057692305
2 0.9795679999999999 0.7127406105769234 0.040864000000000233 0.0937514278846151
1 0.9134621538461539 0.9230773545673076 0.17307569230769215 0.1538452908653849
0 0.7896615384615384 0.8389439326923076 0.06490584615384654 0.08173271153846151
3 0.9326941538461538 0.5925489134615383 0.13461169230769232 0.25721231730769306
0 0.18509784615384625 0.5925489134615383 0.12500184615384585 0.20432724519230794
0 0.174276923076923 0.917067855769231 0.21394215384615423 0.06490378846153866
0 0.28726153846153857 0.9218735288461537 0.2524061538461535 0.14182629326923069
