0 0.6322116923076921 0.008414143028846141 0.13461661538461556 0.016828286057692283
0 0.9170658461538463 0.6670653221153847 0.16586830769230743 0.09855710096153825
0 0.21514338461538454 0.6009601153846152 0.35336369230769216 0.2548094807692309
0 0.27764184615384613 0.8233177019230769 0.18028800000000006 0.14663650000000017
1 0.33653661538461543 0.7187489759615384 0.06249846153846156 0.11538602403846154
1 0.06129723076923072 0.7920672259615384 0.1129796923076923 0.08413554807692292
2 0.2704344615384614 0.9975965264423077 0.18028800000000006 0.004806947115384541
2 0.31850830769230776 0.9314901862980769 0.06490584615384604 0.1370196274038462
0 0.15144369230769236 0.9519222307692308 0.06730830769230778 0.09615553846153857
0 0.04567384615384613 0.9338935192307692 0.09134769230769225 0.09855710096153802
0 0.19951753846153858 0.772835466346154 0.22595938461538473 0.24759643750000015
