0 0.9975963076923076 0.3858157500000001 0.00480738461538488 0.18028981250000042
1 0.971153230769231 0.49759751923076906 0.05769353846153813 0.1586552163461542
1 0.4819692307692307 0.35456527403846116 0.05048123076923067 0.10336730769230723
1 0.3786043076923076 0.4314923125000003 0.0985600000000002 0.04086635576923103
2 0.39783876923076933 0.34495392788461554 0.05048123076923072 0.09375142788461505
3 0.388219076923077 0.15985390865384594 0.07932553846153872 0.30048150961538495
3 0.17788553846153846 0.1802870865384617 0.3557710769230769 0.1250019038461534
1 0.15744984615384622 0.21273898076923076 0.07452061538461516 0.06009811538461535
1 0.09134769230769224 0.182694456730769 0.05769353846153864 0.06730662499999995
2 0.17067323076923066 0.08774070673076896 0.2740381538461541 0.17548141346153792
2 0.07331938461538456 0.06249822596153829 0.07932553846153867 0.12019169711538397
2 0.0036061538461538314 0.07812573076923056 0.007212307692307663 0.05528790865384591
0 0.024038153846153803 0.03966244110576948 0.048076307692307606 0.07932488221153897
1 0.48798030769230794 0.20673188942307683 0.16346092307692328 0.06250095192307781
1 0.4555273846153845 0.14663377403846173 0.12259446153846143 0.11538602403846235
