2 0.816105846153846 0.02764299879807689 0.13701907692307724 0.05528599759615378
0 0.7127409230769228 0.06730793629807699 0.09375015384615348 0.13461587259615398
0 0.4807704615384617 0.17187570673076907 0.12019199999999963 0.18990569230769203
1 0.635817846153846 0.20673043750000003 0.06971076923076891 0.1730767692307691
1 0.336539076923077 0.3161048365384617 0.20192492307692278 0.12259453365384643
0 0.008413538461538268 0.027645265625000255 0.016827076923076535 0.05529053125000051
0 0.05769107692307675 0.02644271394230776 0.07211323076923074 0.05288542788461552
2 0.6694720000000001 0.27523943629807673 0.4206720000000006 0.5504788725961535
2 0.8870203076923078 0.2788459579326924 0.22595938461538456 0.5576919158653848
2 0.39302646153846155 0.7415882500000001 0.15144369230769206 0.1754796057692305
2 0.5132233846153844 0.7127406105769234 0.1081747692307693 0.0937514278846151
1 0.6526449230769229 0.9230773545673076 0.6514412307692302 0.1538452908653849
0 0.2896615384615384 0.8389439326923076 0.06490584615384659 0.08173271153846151
3 0.4615409230769229 0.5925489134615383 0.19230523076923045 0.25721231730769306
0 0.5925489230769232 0.754808384615385 0.07932553846153867 0.12019169711538458
0 0.8822129230769229 0.5997574230769231 0.22595938461538456 0.06490378846153866
0 0.9146633846153845 0.6802887163461537 0.1706732307692309 0.23557772115384634
0 0.8713932307692308 0.8197121730769233 0.2572135384615384 0.12980757692307665
