1 0.12860676923076916 0.9879803281249999 0.2572135384615383 0.024039343750000275
1 0.12740430769230762 0.19230725480769245 0.11538707692307672 0.07211683173076913
0 0.05889476923076924 0.1971174615384615 0.050481230769230695 0.18749832211538445
4 0.977163076923077 0.038462882211538485 0.04567384615384584 0.07692576442307697
0 0.912260923076923 0.03846061538461539 0.08413538461538483 0.07692123076923078
0 0.7103360000000003 0.12019042307692318 0.09375015384615348 0.18749832211538447
0 0.584132923076923 0.11418170192307696 0.1250018461538458 0.22836340384615392
2 0.8978363076923077 0.5408636298076923 0.14182892307692352 0.04326919230769233
1 0.8269243076923076 0.7884600673076925 0.34615138461538486 0.10577014423076969
4 0.8076898461538463 0.5432710000000002 0.0913476923076928 0.10577014423076969
0 0.8064886153846155 0.5432710000000003 0.17548307692307663 0.22115163461538495
0 0.9519224615384617 0.7187506057692309 0.09615507692307657 0.1250019038461534
0 0.9843766153846154 0.5769243124999999 0.03124676923076919 0.12500190384615395
