3 0.9711544615384616 0.5432680961538463 0.057691076923076734 0.16827109615384583
0 0.9735581538461537 0.6454339855769231 0.05288369230769241 0.21394312500000012
3 0.6862966153846153 0.9362974891826923 0.1466338461538459 0.12740502163461542
1 0.7608172307692309 0.9170678557692311 0.146633846153846 0.09855710096153836
0 0.32932923076923093 0.6165863461538461 0.16346092307692356 0.08413554807692292
3 0.7415876923076921 0.2896645673076923 0.29567507692307726 0.25721231730769256
0 0.6033673846153844 0.4038446394230769 0.15865600000000002 0.25480948076923066
0 0.12259446153846144 0.010816342548076764 0.08173292307692312 0.02163268509615353
3 0.06850830769230772 0.05168269831730754 0.13701661538461543 0.10336539663461508
4 0.38341415384615374 0.3281235528846155 0.08413538461538483 0.09375142788461505
1 0.45672861538461534 0.4338936971153843 0.10576738461538493 0.10336730769230723
1 0.33894400000000013 0.20072334615384607 0.05769353846153863 0.13221041346153803
1 0.12259446153846144 0.4915844423076927 0.24038400000000046 0.19951703846153857
2 0.12379815384615366 0.5144249903846155 0.2475963076923073 0.16346088942307696
3 0.012018461538461568 0.4038446394230769 0.024036923076923136 0.37019097115384625
3 0.04086523076923088 0.22115199038461542 0.08173046153846177 0.13942345673076936
1 0.20071876923076926 0.05889251923076891 0.14663384615384592 0.026440269230769455
4 0.10216369230769227 0.1826930048076919 0.10336492307692316 0.05288507211538454
