0 0.8293292307692309 0.6165863461538461 0.1634609230769235 0.08413554807692292
3 0.10697230769230778 0.8557684627403845 0.21394461538461557 0.28846307451923103
0 0.6225944615384614 0.010816342548076764 0.08173292307692304 0.02163268509615353
3 0.4603347692307693 0.05168269831730754 0.35336369230769216 0.10336539663461508
4 0.8834141538461537 0.3281235528846155 0.08413538461538494 0.09375142788461505
1 0.9519224615384614 0.4338936971153843 0.09615507692307712 0.10336730769230723
1 0.8389440000000001 0.20072334615384607 0.057693538461538574 0.13221041346153803
1 0.6225944615384614 0.4915844423076927 0.24038400000000038 0.19951703846153857
2 0.5600959999999999 0.5144249903846155 0.37500061538461493 0.16346088942307696
3 0.4002387692307695 0.4038446394230769 0.24759630769230734 0.37019097115384625
3 0.3978363076923077 0.22115199038461542 0.3677883076923081 0.13942345673076936
1 0.7007187692307693 0.05889251923076891 0.1466338461538459 0.026440269230769455
4 0.6021636923076923 0.1826930048076919 0.10336492307692313 0.05288507211538454
