1 0.026441846153846225 0.016826745192307594 0.05288369230769245 0.03365349038461519
1 0.1610559999999999 0.06129848918269236 0.10576738461538436 0.12259697836538472
0 0.21995076923076912 0.014422775240384694 0.18509784615384625 0.028845550480769387
2 0.6706732307692307 0.9927878605769233 0.27403815384615404 0.014424278846153493
0 0.4338929230769231 0.9783651742788462 0.22836676923076904 0.043269651442307766
1 0.30648861538461547 0.9675490096153847 0.06490584615384604 0.0649019807692306
2 0.4038473846153845 0.9495186682692308 0.024039384615384463 0.10096266346153837
1 0.3449526153846153 0.7740399663461537 0.09856000000000015 0.12500190384615373
1 0.35456738461538473 0.870194230769231 0.09375015384615398 0.04326919230769222
0 0.4519212307692308 0.8713956490384616 0.15384615384615385 0.18509548557692257
1 0.007211076923076995 0.9591334146634616 0.01442215384615399 0.08173317067307684
