3 0.006011076923076923 0.5468765288461538 0.012022153846153846 0.07932534134615388
1 0.006008615384615381 0.3569708365384615 0.012017230769230763 0.09375142788461538
1 0.004807384615384607 0.3028843461538462 0.009614769230769213 0.02403743269230768
3 0.34975753846153856 0.18629690384615386 0.08894030769230782 0.3677881346153847
3 0.5468726153846154 0.5168274711538462 0.27163569230769236 0.3509637451923076
0 0.5504812307692308 0.42668483173076927 0.2596135384615385 0.213943125
1 0.31851076923076915 0.6069701105769231 0.32932923076923065 0.2235590048076923
0 0.3701932307692308 0.5540850384615384 0.05769353846153835 0.29567130288461535
1 0.5817329230769231 0.354568 0.17307569230769243 0.12740474038461536
1 0.4903852307692307 0.1165874423076923 0.22595938461538462 0.07451966826923077
1 0.472356923076923 0.19951703846153845 0.19951753846153836 0.08653838461538463
1 0.9831716923076923 0.4711554423076923 0.03365661538461551 0.12019169711538458
0 0.945915076923077 0.9975968449519231 0.10816984615384606 0.004806310096153732
