1 0.28726153846153846 0.43389497115384623 0.13220923076923075 0.19951703846153857
1 0.5060086153846154 0.44711510576923064 0.09375015384615398 0.1730767692307691
1 0.6610559999999999 0.4891828798076924 0.10576738461538437 0.2668281971153847
0 0.7199507692307692 0.43509638942307705 0.18509784615384628 0.1874983221153848
2 0.8557686153846155 0.37019260096153855 0.2884627692307691 0.10577014423076914
2 0.8437501538461538 0.21995184615384605 0.31249969230769226 0.18028981249999984
3 0.7824541538461539 0.16226110096153853 0.34374892307692306 0.16105805288461555
1 0.5432713846153847 0.09855873076923082 0.14423138461538476 0.08653838461538468
2 0.45552738461538445 0.18870137019230773 0.2716356923076923 0.17067393269230774
1 0.6442289230769231 0.03125015745192309 0.07211323076923082 0.06250031490384618
1 0.7475938461538463 0.03125015745192309 0.2644233846153844 0.06250031490384618
1 0.8233156923076923 0.06850885817307692 0.2091323076923075 0.13701771634615384
