1 0.6971175384615385 0.45432524519230755 0.12019199999999974 0.1250019038461534
1 0.7043249230769233 0.39423166346153826 0.1826904615384618 0.11057581730769206
0 0.8016836923076925 0.38341436538461515 0.1081747692307693 0.29086562980769254
0 0.9218744615384615 0.2872601009615386 0.15625107692307694 0.11297865384615424
2 0.750001230769231 0.6610598605769228 0.03365415384615422 0.057690745192308324
1 0.6382227692307689 0.5865401923076926 0.10336492307692324 0.06250095192307725
1 0.6334129230769234 0.7439894567307694 0.09375015384615348 0.02644026923077003
0 0.7019224615384614 0.6286079663461537 0.05288369230769241 0.06009811538461485
0 0.8161033846153847 0.5661070144230771 0.146633846153846 0.1658637259615388
0 0.6850953846153844 0.7512025000000002 0.1250018461538459 0.18990569230769205
1 0.7307716923076921 0.8137034519230769 0.11538707692307726 0.04567202884615318
2 0.4278843076923077 0.9471152836538461 0.11057723076923054 0.033653312500000254
2 0.21754584615384606 0.9182676442307691 0.1514436923076921 0.03846351923076918
0 0.3545649230769231 0.9110591346153848 0.16105846153846176 0.11057581730769184
0 0.5288467692307692 0.9122592415865385 0.15865600000000002 0.17548151682692315
2 0.04447138461538458 0.9891828798076924 0.08894276923076916 0.021634240384615255
2 0.038459076923076846 0.8317292596153846 0.03365415384615361 0.05288507211538507
