2 0.7295655384615385 0.024037521634615436 0.19471261538461537 0.04807504326923087
0 0.7355766153846153 0.06250112980769218 0.18269046153846136 0.0625009519230767
0 0.960336 0.06850813221153852 0.07932800000000007 0.13701626442307704
0 0.8341366153846153 0.17427836538461552 0.2548086153846152 0.257212317307692
0 0.07932553846153839 0.008413417067307668 0.07211323076923074 0.016826834134615335
0 0.03125046153846153 0.6141833317307691 0.06250092307692307 0.2139431249999999
5 0.07091323076923081 0.5228347403846154 0.14182646153846162 0.1370206201923077
2 0.17187446153846148 0.412258923076923 0.2139421538461538 0.1658637259615386
0 0.3425476923076921 0.3161046586538462 0.22355692307692296 0.16105805288461555
0 0.536059076923077 0.4507224423076922 0.192305230769231 0.15144217307692315
0 0.5288467692307693 0.8233162500000001 0.18750030769230747 0.14182629326923046
1 0.7848566153846155 0.6935086730769231 0.3052898461538459 0.1514421730769232
