0 0.5204332307692308 0.08293421875000011 0.09375015384615382 0.16586843750000022
1 0.44591261538461535 0.004808028846153816 0.09375015384615387 0.009616057692307632
0 0.30889353846153844 0.7572110432692307 0.1947126153846154 0.24038339423076927
1 0.46754953846153846 0.7127404326923077 0.3533636923076922 0.06970946153846158
0 0.8221144615384616 0.8593769326923079 0.30288246153846154 0.1514421730769231
2 0.8906240000000001 0.7415880721153849 0.21875199999999984 0.13702062019230798
0 0.9567323076923078 0.6141833317307691 0.08653538461538457 0.2139431249999999
5 0.9819704615384615 0.5228347403846154 0.03605907692307697 0.1370206201923077
1 0.8161033846153847 0.6033660336538462 0.3293292307692307 0.14903933653846158
0 0.8713944615384615 0.39422858173076913 0.14663384615384623 0.1826926490384615
0 0.0733193846153846 0.8617797692307692 0.14182892307692307 0.13702062019230798
0 0.026441846153846153 0.7812484759615385 0.04807876923076923 0.12019169711538447
