2 0.7283667692307689 0.06370214062500014 0.4038449230769229 0.12740428125000028
0 0.9387015384615384 0.03605705288461536 0.12259692307692327 0.07211410576923072
0 0.419473230769231 0.17067120673076902 0.22355692307692288 0.10577014423076911
0 0.5997612307692306 0.26923284134615405 0.13701907692307735 0.24038339423076902
3 0.6069735384615385 0.30047878365384595 0.7572135384615388 0.1971142019230761
3 0.7800492307692306 0.4459138653846154 0.2956750769230774 0.21394312500000007
2 0.9807692307692308 0.38942453846153857 0.038461538461538436 0.05288507211538512
2 0.11899200000000001 0.25961696153846164 0.23798400000000003 0.10577014423076966
0 0.22115199999999974 0.899038966346154 0.20192492307692278 0.17307676923076898
2 0.1201907692307693 0.7295664519230769 0.2403815384615386 0.2091329182692312
1 0.3545673846153844 0.9122591009615382 0.12740430769230765 0.06490378846153855
1 0.9002412307692309 0.6225948894230771 0.07932553846153867 0.12980757692307676
