5 0.021634461538461654 0.4651438173076923 0.04326892307692331 0.08894122115384606
0 0.0456738461538464 0.354568 0.048078769230768946 0.1514421730769231
0 0.24639261538461565 0.3930269855769231 0.055286153846154235 0.19471136538461542
2 0.15865353846153868 0.4158675336538462 0.16346092307692353 0.0865383846153846
2 0.05649107692307682 0.6502393028846154 0.11298215384615364 0.031250475961538404
2 0.412260923076923 0.7079345817307692 0.257211076923077 0.14663649999999995
2 0.4218756923076922 0.6850940336538462 0.25721107692307704 0.11538602403846154
0 0.21033600000000024 0.6262018701923077 0.18028800000000006 0.09375142788461543
0 0.7427864615384616 0.7187518798076924 0.12019199999999974 0.11538602403846154
2 0.6225944615384614 0.7127402548076922 0.10096246153846145 0.0600981153846154
0 0.3353378461538461 0.995192875 0.12740430769230765 0.009614250000000046
0 0.4807704615384617 0.9951917415865384 0.07692307692307687 0.009616516826923105
0 0.5492799999999998 0.8389435769230769 0.05048123076923072 0.21154028846153838
3 0.8689895384615385 0.19591278365384612 0.10817476923076941 0.38701989423076916
5 0.9891827692307693 0.2271632596153846 0.02163446153846138 0.08413554807692308
1 0.9338941538461538 0.7800468798076923 0.13221169230769247 0.09855710096153847
