1 0.9447113846153847 0.2728370961538464 0.11057723076923054 0.1754796057692304
1 0.9194707692307691 0.38942453846153857 0.08894030769230721 0.12019169711538452
0 0.9699520000000001 0.5877401586538462 0.060095999999999816 0.2908656298076922
0 0.9939901538461539 0.5937517836538463 0.012019692307692287 0.1778824423076928
3 0.9891815384615383 0.985576765625 0.02163692307692322 0.028846468750000076
1 0.9435089230769229 0.9975954819711538 0.11298215384615418 0.004809036057692451
1 0.10937476923076926 0.9507209014423075 0.21874953846153852 0.09855819711538494
3 0.22235815384615382 0.9254809170673075 0.06971076923076899 0.1490381658653851
0 0.1057686153846153 0.7139434807692305 0.2115372307692306 0.19711420192307672
2 0.18629661538461526 0.5516840096153846 0.3485587692307698 0.15144217307692348
3 0.43630030769230754 0.3581740624999997 0.17548307692307663 0.23076751442307744
0 0.4014399999999998 0.8533669374999999 0.27403815384615354 0.11538602403846188
