0 0.8185083076923076 0.2199534759615385 0.2187520000000004 0.15144217307692315
1 0.19711753846153848 0.45432524519230755 0.12019199999999969 0.1250019038461534
1 0.20432492307692324 0.39423166346153826 0.18269046153846186 0.11057581730769206
0 0.30168369230769254 0.38341436538461515 0.10817476923076935 0.29086562980769254
0 0.4230769230769231 0.2872601009615386 0.15865600000000002 0.11297865384615424
2 0.250001230769231 0.6610598605769228 0.03365415384615417 0.057690745192308324
1 0.13822276923076898 0.5865401923076926 0.10336492307692315 0.06250095192307725
1 0.13341292307692335 0.7439894567307694 0.09375015384615344 0.02644026923077003
0 0.20192246153846144 0.6286079663461537 0.05288369230769244 0.06009811538461485
0 0.3161033846153846 0.5661070144230771 0.1466338461538459 0.1658637259615388
0 0.18509538461538438 0.7512025000000002 0.12500184615384585 0.18990569230769205
1 0.23077169230769212 0.8137034519230769 0.11538707692307729 0.04567202884615318
0 0.05408738461538466 0.9122592415865385 0.10817476923076932 0.17548151682692315
