0 0.9867790769230769 0.13461633173076923 0.02644184615384626 0.14903933653846163
3 0.09976123076923075 0.980768329326923 0.12740430769230765 0.03846334134615392
0 0.2608196923076923 0.7704340817307693 0.1033649230769231 0.07451966826923073
1 0.1274043076923077 0.8125018557692307 0.16827076923076925 0.12500190384615406
1 0.34014523076923076 0.35576796634615393 0.04567138461538467 0.15865521634615393
1 0.4783655384615385 0.37379830769230765 0.11057723076923082 0.09375142788461532
0 0.7175483076923077 0.5793269711538462 0.16105846153846148 0.12500190384615384
1 0.7067323076923077 0.49639284134615386 0.1057673846153846 0.04086635576923092
0 0.5865403076923077 0.5132217644230769 0.13461661538461545 0.09375142788461538
0 0.4483150769230769 0.46634831730769233 0.14182892307692313 0.08653838461538449
0 0.25600984615384614 0.4411049326923076 0.21394215384615387 0.10817298076923076
0 0.13100799999999999 0.3329319519230769 0.12259446153846153 0.07932534134615371
