0 0.038461538461538464 0.0985589086538461 0.07692307692307693 0.1730767692307691
2 0.0817304615384616 0.012018486778846257 0.1250018461538462 0.024036973557692513
0 0.9038461538461539 0.25000108173076924 0.1923076923076923 0.08173271153846098
0 0.9963950769230768 0.13581647596153865 0.007209846153846344 0.16105805288461555
0 0.8353353846153846 0.049278091346154115 0.26202092307692315 0.09375142788461452
1 0.9110572307692308 0.18750012980769226 0.08653784615384597 0.08653838461538427
1 0.8882190769230769 0.8173062548076924 0.04567138461538456 0.13461325000000046
0 0.790865230769231 0.6790887499999996 0.1923052307692309 0.1610580528846156
1 0.7487975384615384 0.5637027259615381 0.036056615384615465 0.06490378846153855
0 0.631008 0.5336536682692307 0.14663384615384623 0.11538602403846071
