0 0.103516 0.052757 0.011719 0.002651
0 0.126221 0.090403 0.007324 0.005832
1 0.154053 0.076087 0.020996 0.028102
0 0.160400 0.135207 0.015137 0.005302
1 0.354492 0.060976 0.038086 0.034995
0 0.452393 0.017497 0.009277 0.012725
0 0.645996 0.105514 0.011719 0.008484
0 0.689697 0.053818 0.009277 0.009014
0 0.992188 0.053287 0.015625 0.004772
0 0.707764 0.142365 0.023926 0.013256
0 0.103271 0.186638 0.008301 0.013786
0 0.126709 0.176829 0.021973 0.016437
0 0.122559 0.158802 0.004883 0.004772
1 0.120605 0.153765 0.017578 0.024390
1 0.105713 0.174973 0.020996 0.024390
0 0.041260 0.223754 0.013184 0.004242
1 0.178955 0.212354 0.010254 0.025981
0 0.308594 0.270679 0.006836 0.010074
0 0.297119 0.289236 0.007324 0.016437
0 0.292236 0.305938 0.004395 0.008484
0 0.259033 0.349152 0.010254 0.009014
0 0.250488 0.352068 0.001953 0.004242
0 0.242676 0.361612 0.007812 0.013786
1 0.268066 0.330329 0.049805 0.042418
0 0.628418 0.294804 0.006836 0.011665
0 0.660889 0.273595 0.023926 0.018028
0 0.677490 0.292418 0.017090 0.002651
1 0.697021 0.299046 0.021973 0.018028
0 0.835449 0.247349 0.017578 0.021739
0 0.904297 0.212619 0.004883 0.010604
1 0.993164 0.285525 0.013672 0.016437
0 0.769287 0.417550 0.007324 0.006893
0 0.763184 0.438229 0.005859 0.014316
0 0.763672 0.449894 0.008789 0.005832
0 0.375244 0.403234 0.015137 0.004772
1 0.362305 0.411718 0.014648 0.021739
0 0.008301 0.310180 0.011719 0.016967
0 0.010498 0.326352 0.007324 0.014316
0 0.159180 0.471898 0.009766 0.009544
0 0.016113 0.486214 0.002930 0.002121
1 0.008057 0.480117 0.015137 0.015376
0 0.041260 0.518823 0.008301 0.004772
0 0.038086 0.521739 0.005859 0.005302
0 0.036621 0.529692 0.008789 0.010604
0 0.065430 0.543743 0.003906 0.001591
0 0.067871 0.560445 0.002930 0.010604
1 0.059814 0.536850 0.039551 0.034464
0 0.088867 0.588547 0.005859 0.006363
0 0.151611 0.566278 0.009277 0.005302
0 0.160645 0.595705 0.005859 0.001591
0 0.157959 0.597826 0.003418 0.016437
0 0.179688 0.566808 0.001953 0.002121
0 0.165771 0.601803 0.003418 0.002121
1 0.160889 0.585896 0.024902 0.034995
1 0.171387 0.570255 0.019531 0.027041
0 0.229980 0.514846 0.009766 0.007423
0 0.303711 0.552757 0.016602 0.013256
0 0.390625 0.490191 0.013672 0.006893
1 0.391602 0.495228 0.029297 0.072110
1 0.427002 0.626723 0.020020 0.020148
1 0.664062 0.546394 0.009766 0.016437
0 0.713135 0.496554 0.005371 0.002651
0 0.868408 0.512195 0.015137 0.004242
0 0.857910 0.517497 0.001953 0.006363
0 0.862061 0.522800 0.013184 0.005302
1 0.902832 0.605249 0.023438 0.020679
0 0.818848 0.658537 0.011719 0.002121
0 0.801758 0.652174 0.008789 0.008484
1 0.732178 0.616384 0.011230 0.054613
0 0.514404 0.656416 0.003418 0.003181
1 0.524414 0.645811 0.022461 0.022269
0 0.727539 0.625133 0.002930 0.003181
1 0.342529 0.702015 0.009277 0.021209
1 0.139404 0.678155 0.022949 0.026511
1 0.117676 0.686903 0.024414 0.062036
0 0.103516 0.654295 0.004883 0.004242
1 0.074707 0.679480 0.014648 0.022800
0 0.069336 0.681601 0.002930 0.011135
0 0.066650 0.695917 0.020020 0.011135
0 0.125732 0.881760 0.007324 0.005302
0 0.346680 0.844115 0.021484 0.008484
0 0.437988 0.786320 0.002930 0.006363
0 0.432129 0.775981 0.007812 0.015376
0 0.434570 0.766437 0.009766 0.002651
0 0.444824 0.763786 0.004883 0.001591
0 0.479736 0.816278 0.007324 0.004772
0 0.477051 0.817603 0.002930 0.007423
0 0.479248 0.833775 0.006348 0.005832
0 0.478760 0.843319 0.007324 0.004772
0 0.438477 0.864528 0.017578 0.003712
0 0.437744 0.871686 0.012207 0.006363
0 0.421143 0.886532 0.007324 0.011665
0 0.455811 0.867975 0.005371 0.003181
1 0.470947 0.759279 0.046387 0.016967
1 0.688965 0.762460 0.010742 0.016967
1 0.428467 0.874867 0.006348 0.020148
1 0.446533 0.867179 0.022949 0.033404
1 0.458984 0.883351 0.021484 0.026511
0 0.528320 0.881760 0.020508 0.001060
0 0.867188 0.869565 0.002930 0.013786
0 0.894287 0.800371 0.026855 0.042948
1 0.936523 0.765376 0.057617 0.029162
1 0.986572 0.887328 0.011230 0.014316
0 0.278809 0.902174 0.005859 0.004772
0 0.399170 0.409332 0.005371 0.006363
0 0.979492 0.066808 0.007812 0.006363
0 0.121826 0.040827 0.012207 0.002121
