1 0.022217 0.264316 0.043457 0.022800
1 0.011963 0.376723 0.012207 0.032344
0 0.030518 0.280753 0.015137 0.012195
1 0.237061 0.312036 0.037598 0.033404
0 0.237061 0.290562 0.034668 0.012725
1 0.287354 0.260870 0.033691 0.012725
1 0.230713 0.161718 0.036621 0.036055
1 0.266602 0.133086 0.011719 0.026511
0 0.265137 0.147402 0.025391 0.012725
1 0.284668 0.168346 0.026367 0.014316
0 0.303955 0.162513 0.015137 0.013256
1 0.325928 0.145281 0.030762 0.024390
1 0.328125 0.159862 0.038086 0.025981
1 0.284424 0.195122 0.032715 0.032874
0 0.284424 0.181071 0.005371 0.018558
0 0.275635 0.192471 0.008301 0.011665
0 0.281250 0.180011 0.012695 0.013256
1 0.343750 0.211824 0.020508 0.019618
1 0.374512 0.187964 0.025391 0.062036
1 0.569336 0.093319 0.053711 0.018028
1 0.699219 0.086957 0.036133 0.015907
0 0.735352 0.087487 0.034180 0.009544
1 0.966553 0.092259 0.014160 0.042418
0 0.977295 0.100477 0.019043 0.020679
1 0.758545 0.192471 0.027832 0.053022
1 0.815186 0.267497 0.017090 0.019618
1 0.941895 0.423118 0.048828 0.027572
1 0.936768 0.316543 0.015137 0.015907
1 0.635742 0.425769 0.007812 0.023330
1 0.629883 0.441676 0.013672 0.020148
1 0.558594 0.243107 0.041992 0.018558
1 0.019287 0.511135 0.037598 0.014846
0 0.058350 0.506893 0.043457 0.013786
1 0.249756 0.506893 0.043457 0.023330
1 0.169434 0.484624 0.012695 0.020148
1 0.190918 0.503712 0.047852 0.047720
0 0.220947 0.517232 0.013184 0.012195
1 0.318604 0.544274 0.020996 0.028102
0 0.320801 0.561506 0.016602 0.014846
1 0.404053 0.610817 0.023926 0.013786
1 0.397217 0.613203 0.027832 0.030223
0 0.382080 0.623807 0.020996 0.025981
1 0.152832 0.757158 0.049805 0.014846
0 0.166992 0.773065 0.021484 0.022269
1 0.157227 0.816808 0.019531 0.038706
0 0.154297 0.796660 0.010742 0.020679
0 0.151123 0.825822 0.009277 0.040827
1 0.171631 0.843319 0.032715 0.017497
0 0.162598 0.839608 0.008789 0.012195
1 0.199951 0.884677 0.026855 0.035525
0 0.214844 0.915960 0.012695 0.032344
1 0.144043 0.932927 0.016602 0.009014
1 0.101807 0.935048 0.015137 0.004772
1 0.508057 0.434517 0.012207 0.031283
1 0.542725 0.601538 0.026855 0.042948
1 0.513428 0.680276 0.014160 0.042418
1 0.584717 0.704666 0.020996 0.043478
1 0.649658 0.763786 0.042480 0.036585
0 0.619873 0.804083 0.018066 0.047190
1 0.675049 0.880170 0.052246 0.024390
1 0.782959 0.673383 0.046387 0.023330
1 0.880127 0.530488 0.032715 0.073701
0 0.906250 0.490986 0.018555 0.011665
0 0.067871 0.104454 0.007812 0.015907
0 0.100098 0.370095 0.022461 0.018028
0 0.263184 0.106575 0.004883 0.007423
0 0.263184 0.094645 0.005859 0.013256
0 0.271240 0.074231 0.012207 0.005302
0 0.279785 0.072641 0.006836 0.007423
0 0.305908 0.179215 0.010254 0.012725
0 0.304688 0.174708 0.007812 0.006893
0 0.294678 0.160127 0.010254 0.010604
0 0.302490 0.169936 0.012207 0.002651
0 0.584229 0.157741 0.022949 0.012195
0 0.525879 0.158537 0.007812 0.015907
0 0.518555 0.132821 0.007812 0.017497
0 0.662842 0.145016 0.012207 0.007953
0 0.765625 0.095705 0.009766 0.007953
0 0.758545 0.096766 0.003418 0.003712
0 0.826904 0.276511 0.005371 0.002651
0 0.781006 0.274655 0.008301 0.005302
0 0.934814 0.433722 0.007324 0.004242
0 0.958984 0.440350 0.004883 0.007953
0 0.991943 0.600212 0.007324 0.012725
0 0.989990 0.609226 0.008301 0.007423
0 0.882080 0.869565 0.030762 0.032874
0 0.691406 0.894751 0.006836 0.006893
0 0.562744 0.799311 0.006348 0.012195
0 0.492676 0.726140 0.009766 0.010074
0 0.474365 0.586957 0.010254 0.019088
0 0.649658 0.675239 0.010254 0.044008
0 0.032227 0.706787 0.010742 0.023330
0 0.310059 0.752121 0.009766 0.012195
0 0.958740 0.365854 0.010254 0.005302
0 0.718506 0.386797 0.007324 0.004772
0 0.783447 0.087752 0.008301 0.005832
0 0.838867 0.011135 0.030273 0.011665
0 0.936035 0.050901 0.015625 0.012725
0 0.928223 0.012460 0.005859 0.023860
0 0.929688 0.034995 0.002930 0.015907
0 0.566650 0.400318 0.030762 0.011665
0 0.097656 0.399523 0.013672 0.007953
0 0.618896 0.448568 0.011230 0.020148
0 0.503662 0.423913 0.004395 0.004772
0 0.695068 0.880170 0.007324 0.004242
0 0.888672 0.520944 0.003906 0.004772
0 0.888184 0.525981 0.003906 0.002121
0 0.437500 0.010339 0.015625 0.019618
1 0.449463 0.002386 0.007324 0.003712
1 0.288086 0.132821 0.015625 0.031283
0 0.362305 0.231177 0.010742 0.004242
0 0.646729 0.595440 0.009277 0.007423
0 0.147461 0.676829 0.005859 0.005832
0 0.226074 0.724284 0.006836 0.010604
