0 0.2043273846153846 0.19951930528846154 0.08653784615384613 0.03846125240384618
0 0.6274043076923077 0.07451966826923077 0.06730830769230767 0.05769301201923078
1 0.5841353846153845 0.03725983413461538 0.038461538461538436 0.021634596153846147
0 0.6262030769230769 0.5264433509615385 0.0745181538461539 0.04326919230769233
0 0.5937501538461538 0.6959135985576923 0.08173046153846142 0.05047996874999994
0 0.8713944615384615 0.7500000889423077 0.08894276923076916 0.038461252403846125
0 0.10096246153846153 0.29086562980769237 0.04807630769230768 0.04326919230769227
0 0.19952 0.7391827908653846 0.08173046153846159 0.04567202884615407
0 0.2728369230769231 0.7656253269230768 0.03124923076923075 0.06490378846153833
1 0.28125046153846156 0.7283654927884616 0.028846769230769287 0.04326919230769222
1 0.09375015384615384 0.23557772115384615 0.01922953846153845 0.05769301201923077
1 0.6237981538461538 0.48918351682692307 0.021634461538461602 0.060095848557692344
1 0.6730781538461539 0.48557699519230774 0.02884676923076923 0.04326919230769233
1 0.9302892307692308 0.7283654927884615 0.04326892307692298 0.04807713221153853
