1 0.6454326153846155 0.21634532451923072 0.07451815384615379 0.048077132211538615
1 0.6442313846153845 0.332932766826923 0.024039384615384796 0.06971172836538464
1 0.6262030769230769 0.3750005408653846 0.031249230769230807 0.033653312499999755
1 0.5949513846153847 0.6382222163461537 0.036056615384615465 0.10336504086538445
1 0.25600984615384614 0.5889413990384613 0.02644184615384615 0.10577014423076914
1 0.3173070769230769 0.5072109543269232 0.06730830769230772 0.038461252403846125
1 0.37740307692307695 0.47355764182692306 0.04807630769230775 0.12019169711538424
1 0.29086523076923076 0.3966351370192307 0.08653784615384613 0.06730662500000023
0 0.270432 0.4807684182692308 0.012019692307692287 0.12019169711538424
1 0.15865353846153846 0.9891831983173076 0.11538461538461538 0.021633603365384668
1 0.05288369230769231 0.9387014591346154 0.07211569230769231 0.06009584855769223
0 0.09134523076923078 0.9759612932692308 0.03365415384615386 0.028845372596154273
