0 0.8762043076923077 0.2716356778846152 0.06971076923076924 0.11538602403846235
1 0.8064886153846154 0.41466338942307684 0.08894030769230754 0.18509548557692257
0 0.65024 0.47716434134615354 0.13220923076923086 0.07451966826923073
0 0.7776443076923076 0.528847995192308 0.12259446153846154 0.08653838461538482
0 0.9302892307692308 0.5793256971153846 0.13942153846153837 0.06730662499999995
1 0.9843741538461539 0.5252392067307695 0.031251692307692314 0.10336730769230723
0 0.7067323076923075 0.8064889567307694 0.12500184615384613 0.05048223557692266
0 0.8353378461538461 0.8112991634615385 0.14182892307692296 0.05528790865384592
0 0.2728369230769231 0.9350951153846155 0.10817476923076921 0.12980757692307665
0 0.19351138461538464 0.008413098557692131 0.180288 0.016826197115384262
1 0.3161058461538462 0.004807710336538553 0.08413538461538456 0.009615420673077106
